6108 7045 1187 
994 8616 1441 9350 8262 5465 6844 
5787 4283 
2368 2570 5130 4566 5376 7633 3234 9370 8080 1747 
5741 9838 5095 1054 1185 4096 1392 
9949 49 8579 7405 746 4523 920 
8776 8570 7502 4790 4179 6170 4005 8527 8867 
5708 3752 1927 6920 9395 170 5830 
5408 
400 8326 3164 1196 8827 568 6054 1835 8167 
7696 1930 
6051 513 8323 
8932 7189 8318 4269 5485 2187 4288 9812 
1971 2370 5809 8199 5728 
4109 4788 917 8436 851 9270 
6937 6633 7625 9076 520 8332 134 4825 2164 2519 
1486 4689 6519 574 368 1766 7572 9960 3535 7288 
8490 9600 9296 6863 
7657 9212 80 2946 8720 2314 4573 8250 7672 
7156 9947 3470 7770 8674 6706 
5681 5091 5128 
3670 2539 8927 
5952 2871 6629 8249 7921 7634 6726 
9528 6595 9572 4969 8076 4308 8887 7840 2069 
9183 5876 9048 4354 6699 5796 6338 4982 1097 
5591 6750 1912 549 9920 9081 5964 2788 2156 2472 
2275 9880 9488 6008 5244 5813 4406 3545 5232 9598 
6534 6318 8768 318 8331 7016 
7448 1578 
1445 6475 2696 9071 1341 7982 
2934 2046 4111 8643 9766 
4873 2395 7876 9661 2887 4572 
4344 1948 9004 5835 924 4451 5586 5063 9263 3984 
2207 689 1350 9509 7511 6666 9388 
8279 3434 7859 7238 6923 6802 5851 
8512 4270 
3406 6451 6360 2676 4591 9376 5968 
750 2735 2967 103 7827 2040 1378 
9856 3275 615 9122 2385 9504 
1593 8359 44 6488 8877 2792 3772 2766 6180 6431 
7821 9571 4845 556 1253 9464 7348 8155 
4031 7520 9381 8009 9931 9008 
5043 9903 345 106 7543 7462 3767 2168 9667 
6025 217 6226 2578 3609 194 4905 2512 
3147 3762 8484 8473 2642 2033 315 
9279 7854 3268 6864 4599 2935 241 5872 8933 
8092 3788 1476 7832 2285 5064 
8321 1461 5314 1649 
6113 4221 4169 5523 6047 5528 9151 4749 
2448 6776 140 5621 3871 
1937 8366 1120 3019 445 9363 1599 7112 8201 7942 
8659 7930 9826 2124 9580 
9297 3698 3883 
9743 330 5687 2765 7928 1540 3779 1928 9023 
9779 3058 9956 7366 3195 4058 6855 3589 1053 7004 
4065 1720 3377 6773 276 8650 
7504 3211 9495 
6931 
7551 8097 
4811 4364 4849 4063 1384 9454 
5268 6701 2026 2728 
8160 9097 3265 5709 8215 
8546 6674 5788 4172 
638 7575 5745 8514 4547 
5381 6151 8004 
2839 9589 1754 9959 5295 6525 3645 7620 9967 
8722 1579 385 
399 2827 4180 2103 4637 2481 9455 3813 9385 
1500 
5017 1556 8573 
3592 4241 4887 4866 4589 2489 2629 8183 9754 4931 
9948 6141 4629 7654 1792 7725 8725 7292 5613 
1008 617 5962 4502 8863 6953 969 1186 8790 
9588 9316 
2179 
3917 1890 6172 8385 8823 7600 3576 4015 8293 
889 7388 8422 546 7992 
404 4927 4556 4265 5910 
6973 6567 5262 8815 3705 6335 
1545 1538 1195 8925 4211 1121 8438 
7858 5984 5646 
4419 8779 8000 7934 5190 
9354 5322 208 
7537 3220 6129 236 
8258 5088 5481 1650 4186 1314 
6103 2713 
8468 8890 3464 4973 930 6437 7378 2833 4529 
717 1172 5724 8050 5407 9802 5816 8007 
8445 
3278 9178 9508 5082 8626 3062 2999 
5187 5859 5869 
32 6237 
6869 5555 2708 2861 3776 1024 6605 572 
9394 6213 6082 
9051 5272 3633 788 
809 4990 9744 665 2530 5060 
9251 4080 2813 5414 
8548 
321 5492 8909 
7233 1924 8606 6496 6789 7792 3632 5582 932 4389 8888 6020 6434 8508 3159 9800 4778 1991 1474 935 2354 2659 5238 2171 5657 639 3173 4382 5333 2250 2012 8217 1110 1969 6758 650 3022 1885 2188 4400 8216 9005 9272 9034 7801 2325 114 1193 1348 3283 6518 6400 3114 5944 774 8252 6573 631 6480 252 704 737 8526 1977 5733 5477 8474 3655 8019 6154 753 2061 3895 773 8871 1888 4829 4085 4652 5180 3399 8668 4955 690 8509 8803 8111 7472 1814 4471 8601 7880 6924 6332 1508 477 4368 6602 5524 3245 2960 1061 7642 2494 8594 6690 2455 8645 5767 5450 1698 8692 3992 2397 113 9997 4826 2305 306 4143 9476 1388 2588 6853 5008 411 1369 428 4893 999 9041 4135 5441 9490 2892 7383 4773 1913 307 8234 3242 6938 9669 4000 3725 3187 3693 8503 1932 5817 8857 3437 3702 6323 9112 9825 736 9274 3286 8731 6084 9191 7506 8213 2113 4420 7785 6408 4513 6715 2547 5935 4605 6569 8519 6052 3906 4786 1606 3291 7775 2402 841 1709 9000 5992 9250 6506 662 9678 287 585 1075 2028 2663 7109 3350 4098 4805 4980 7986 5138 8431 4208 5520 8048 2555 5702 6943 1909 1730 2382 8170 2526 9907 5778 4646 4989 3711 3167 5475 3122 6440 3973 5352 8193 1098 5840 6383 6772 909 8629 7460 5388 9923 3351 7678 8565 8011 1643 6926 2280 9794 5803 9677 5758 3352 9121 2689 2107 1062 9197 2732 5404 398 7213 5070 7606 2274 812 7549 1986 8553 5719 7910 6870 6774 7539 2632 6860 2540 7586 4078 1165 4548 7864 9450 1583 4311 2183 2160 9271 2478 6021 6307 3475 1785 7075 5924 6861 1851 8020 3206 3946 3004 8810 6462 8287 7412 1863 6524 974 292 9809 9936 4337 3258 4742 707 7802 8733 7830 1653 6523 7064 1166 6696 7422 9465 5919 8052 2412 7629 473 4596 5463 2129 197 9687 3354 5435 7847 7408 9028 5540 1872 908 4232 1707 3956 4719 590 6463 3997 1905 4530 6469 561 4724 3096 2852 7851 3548 698 7386 8342 6378 7628 6293 7031 5164 7815 3415 9837 355 3651 3108 1357 279 461 6377 2919 9111 7621 922 9818 1620 4581 5156 913 2052 7197 3642 4314 7338 790 896 59 2704 5641 8110 3028 3180 484 4868 9433 6530 6173 4263 4435 9910 8531 1594 7178 7993 8113 8399 2832 1281 5010 1485 6275 9942 719 8208 3184 9369 9621 3685 4276 8392 1684 9643 7967 1327 4799 2173 
