100
3 1187 7045 6108
7 6844 5465 8262 9350 1441 8616 994
2 4283 5787
10 1747 8080 9370 3234 7633 5376 4566 5130 2570 2368
7 1392 4096 1185 1054 5095 9838 5741
7 920 4523 746 7405 8579 49 9949
9 8867 8527 4005 6170 4179 4790 7502 8570 8776
7 5830 170 9395 6920 1927 3752 5708
1 5408
9 8167 1835 6054 568 8827 1196 3164 8326 400
2 1930 7696
3 8323 513 6051
8 9812 4288 2187 5485 4269 8318 7189 8932
5 5728 8199 5809 2370 1971
6 9270 851 8436 917 4788 4109
10 2519 2164 4825 134 8332 520 9076 7625 6633 6937
10 7288 3535 9960 7572 1766 368 574 6519 4689 1486
4 6863 9296 9600 8490
9 7672 8250 4573 2314 8720 2946 80 9212 7657
6 6706 8674 7770 3470 9947 7156
3 5128 5091 5681
3 8927 2539 3670
7 6726 7634 7921 8249 6629 2871 5952
9 2069 7840 8887 4308 8076 4969 9572 6595 9528
9 1097 4982 6338 5796 6699 4354 9048 5876 9183
10 2472 2156 2788 5964 9081 9920 549 1912 6750 5591
10 9598 5232 3545 4406 5813 5244 6008 9488 9880 2275
6 7016 8331 318 8768 6318 6534
2 1578 7448
6 7982 1341 9071 2696 6475 1445
5 9766 8643 4111 2046 2934
6 4572 2887 9661 7876 2395 4873
10 3984 9263 5063 5586 4451 924 5835 9004 1948 4344
7 9388 6666 7511 9509 1350 689 2207
7 5851 6802 6923 7238 7859 3434 8279
2 4270 8512
7 5968 9376 4591 2676 6360 6451 3406
7 1378 2040 7827 103 2967 2735 750
6 9504 2385 9122 615 3275 9856
10 6431 6180 2766 3772 2792 8877 6488 44 8359 1593
8 8155 7348 9464 1253 556 4845 9571 7821
6 9008 9931 8009 9381 7520 4031
9 9667 2168 3767 7462 7543 106 345 9903 5043
8 2512 4905 194 3609 2578 6226 217 6025
7 315 2033 2642 8473 8484 3762 3147
9 8933 5872 241 2935 4599 6864 3268 7854 9279
6 5064 2285 7832 1476 3788 8092
4 1649 5314 1461 8321
8 4749 9151 5528 6047 5523 4169 4221 6113
5 3871 5621 140 6776 2448
10 7942 8201 7112 1599 9363 445 3019 1120 8366 1937
5 9580 2124 9826 7930 8659
3 3883 3698 9297
9 9023 1928 3779 1540 7928 2765 5687 330 9743
10 7004 1053 3589 6855 4058 3195 7366 9956 3058 9779
6 8650 276 6773 3377 1720 4065
3 9495 3211 7504
1 6931
2 8097 7551
6 9454 1384 4063 4849 4364 4811
4 2728 2026 6701 5268
5 8215 5709 3265 9097 8160
4 4172 5788 6674 8546
5 4547 8514 5745 7575 638
3 8004 6151 5381
9 9967 7620 3645 6525 5295 9959 1754 9589 2839
3 385 1579 8722
9 9385 3813 9455 2481 4637 2103 4180 2827 399
1 1500
3 8573 1556 5017
10 4931 9754 8183 2629 2489 4589 4866 4887 4241 3592
9 5613 7292 8725 7725 1792 7654 4629 6141 9948
9 8790 1186 969 6953 8863 4502 5962 617 1008
2 9316 9588
1 2179
9 8293 4015 3576 7600 8823 8385 6172 1890 3917
5 7992 546 8422 7388 889
5 5910 4265 4556 4927 404
6 6335 3705 8815 5262 6567 6973
7 8438 1121 4211 8925 1195 1538 1545
3 5646 5984 7858
5 5190 7934 8000 8779 4419
3 208 5322 9354
4 236 6129 3220 7537
6 1314 4186 1650 5481 5088 8258
2 2713 6103
9 4529 2833 7378 6437 930 4973 3464 8890 8468
8 8007 5816 9802 5407 8050 5724 1172 717
1 8445
7 2999 3062 8626 5082 9508 9178 3278
3 5869 5859 5187
2 6237 32
8 572 6605 1024 3776 2861 2708 5555 6869
3 6082 6213 9394
4 788 3633 5272 9051
6 5060 2530 665 9744 4990 809
4 5414 2813 4080 9251
1 8548
3 8909 5492 321
427 2173 4799 1327 7967 9643 1684 8392 4276 3685 9621 9369 3184 8208 719 9942 6275 1485 5010 1281 2832 8399 8113 7993 7178 1594 8531 9910 4435 4263 6173 6530 9433 4868 484 3180 3028 8110 5641 2704 59 896 790 7338 4314 3642 7197 2052 913 5156 4581 1620 9818 922 7621 9111 2919 6377 461 279 1357 3108 3651 355 9837 3415 7815 5164 7031 6293 7628 6378 8342 7386 698 3548 7851 2852 3096 4724 561 6469 4530 1905 3997 6463 590 4719 3956 1707 4232 908 1872 5540 9028 7408 7847 5435 3354 9687 197 2129 5463 4596 473 7629 2412 8052 5919 9465 7422 6696 1166 7064 6523 1653 7830 8733 7802 707 4742 3258 4337 9936 9809 292 974 6524 1863 7412 8287 6462 8810 3004 3946 3206 8020 1851 6861 5924 7075 1785 3475 6307 6021 2478 9271 2160 2183 4311 1583 9450 7864 4548 1165 4078 7586 2540 6860 2632 7539 6774 6870 7910 5719 8553 1986 7549 812 2274 7606 5070 7213 398 5404 2732 9197 1062 2107 2689 9121 3352 5758 9677 5803 9794 2280 6926 1643 8011 8565 7678 3351 9923 5388 7460 8629 909 6772 6383 5840 1098 8193 5352 3973 6440 3122 5475 3167 3711 4989 4646 5778 9907 2526 8170 2382 1730 1909 6943 5702 2555 8048 5520 4208 8431 5138 7986 4980 4805 4098 3350 7109 2663 2028 1075 585 287 9678 662 6506 9250 5992 9000 1709 841 2402 7775 3291 1606 4786 3906 6052 8519 6569 4605 5935 2547 6715 4513 6408 7785 4420 2113 8213 7506 9191 6084 8731 3286 9274 736 9825 9112 6323 3702 3437 8857 5817 1932 8503 3693 3187 3725 4000 9669 6938 3242 8234 307 1913 4773 7383 2892 9490 5441 4135 9041 999 4893 428 1369 411 5008 6853 2588 1388 9476 4143 306 2305 4826 9997 113 2397 3992 8692 1698 5450 5767 8645 2455 6690 8594 2494 7642 1061 2960 3245 5524 6602 4368 477 1508 6332 6924 7880 8601 4471 1814 7472 8111 8803 8509 690 4955 8668 3399 5180 4652 4085 4829 1888 8871 773 3895 2061 753 6154 8019 3655 8474 5477 5733 1977 8526 737 704 252 6480 631 6573 8252 774 5944 3114 6400 6518 3283 1348 1193 114 2325 7801 9034 9272 9005 8216 4400 2188 1885 3022 650 6758 1969 1110 8217 2012 2250 5333 4382 3173 639 5657 2171 5238 2659 2354 935 1474 1991 4778 9800 3159 8508 6434 6020 8888 4389 932 5582 3632 7792 6789 6496 8606 1924 7233
