1
9790827733121742137440767887895807755274586446010635826723726
2
7063778528452530264498435084784360324879639894202665838370089606971872145255786478063130339
3
8061752938324180872403687139507386995610894970380702098603336174173641732160098050237096351
4
634542499589269374343378806339852328767828764803357888501094334156
5
707517662563810563809231783051183856622099372339839784954269909539046261407955
6
98016878692762800937110190389119222809890086068173010944714143
7
89717017845618973122499629477255765007995687896
8
6099024729552792399779012013290111214616564033294511
9
30324715062846634787314703450609885667074461285
