9
9790827733121742137328682029042342526419024128433167158350476 112085858853465228855562317577468668373250
7063778528370677372416795641341067364238088255184327226783047245103827845680308053777667171 81852892081639443443292960641551639018338611587042361868044299575478424285463168
- 8061752938324187571823005740265283589774728237106489909595513252800797391135847588678548211 6699419318600757896594163833266725787810992177078627155658975749538441451860
- 634542499589269374343378806339852328767828764803357895877410517061 7376316182905
- 707517662563810563809231783051183856622099372339839784954272582898470979828273 2673359424718420318
- 98016878692762800937110190389119222809890087467483114325573595 1399310103380859452
+ 89717016415275929136993508930521402425068516220 1430343043985506120546734362582927171676
+ 27 6099024729552792399779012013290111214616564033294484
+ 9673056783328205584078542112798978403071505558 20651658279518429203236161337810907264002955727
