1
53924275665808223770
2
1938646996559844827841937432992987059087528829711906120638580127456253707680651832636
3
260267830865621666616248109572048252822197179099118416182179586925329642698850775159780408
4
1003699833487980028620148293520527827614305686322029384325089924019924274352262681457
5
9939423548400810278167780586728813955221192395514322213473365147654279302991358528
6
52101714809394003642878552512590700801591311843813804395933
7
212355962811014775782721827749361818306589800287076470753429675758708358248288906745832544762806835
8
1684715976261306846543387829300661227393899097
9
5002524610844220471917410586959670058157964365904025245389857793701937558416308940685237645563856
10
2969870750208899990692752348954442337503978117476823198992528277374
