10
- 53924276182929342118 517121118348
- 1938646996559844827841937432992987061873728634036940236991392503509697981044448352587 2786199804325034116352812376053444273363796519951
+ 260267830865621666616248109540866002787083557813595311132208284197587386851664114867072492 31182250035113621285523105049971302727742255847186660292707916
+ 3028791065370391083126616049873507377695122453583816697391471741 1003699833487980028617119502455157436531179070272155876947394801566340457654871209716
- 9939423548400810278167780586728813955221192395514322213473365147654279308737498023 5746139495
52101714809394003642878552512590700801584435155410897764136 6876688402906631797
240498847106 212355962811014775782721827749361818306589800287076470753429675758708358248288906745832304263959729
74734320259 1684715976261306846543387829300661152659578838
+ 5002524610844220471917410586959670042405601135392615377527444304518079541976626197846500544995358 15752363230511409867862413489183858016439682742838737100568498
- 2969870750208899990692752348954442341516749540632721996353148704030 4012771423155898797360620426656
