1
93189521888427410983073854243122650505603655516506125420877189545717302373240
2
91371327020949726440159030394961298343045041133908915930188989272
3
48428431946154134915588
4
300038678009175241676593296925716731798510427172431280891102991959820371251214716216218428
5
489277133761014879576633412282298253
6
3140222117
7
813947187642606627558697662881212728637415404088400465622042428
8
889036401335703282305725812
9
287091815934349853489828112050648039586663435329768469281497740274354721883515395242270
10
132410881604570474978615126876571943121313960909616677212099869083397428936938829525254977818404
