10
+ 93189521888427410983073854243122650505603655516506125420877189545717298575226 3798014
+ 91371327020949726440159030394961298343045041133908915930180586605 8402667
48428431946154134915581 7
300038678009175241676593296925716731798510427172431280510324115781052804868895240361444676 380778876178767566382319475854773752
- 489277133761015164860237524802032970 285283604112519734717
- 3140222129 12
+ 23530640007190488730974 813947187642606627558697662881212728637391873448393275133311454
+ 88164092028402566537862 888948237243674879739187950
- 287091816641128637500630626802722421825401743506478451735327799963266706800472021989252 706778784010802514752074382238738308176709982453830059688911984916956626746982
+ 19045844155117576 132410881604570474978615126876571943121313960909616677212099869083397428936938810479410822700828
