1
754184345354748592339913841417944355919464831882026139436587494931442398094384586321370512427
2
3348939945249958379856991906495051044151463668185804073104396650274231176330352762271871096462469010
3
24407602573719415270567378200859429309769050293730844
4
14102627259606230586211849284457497971708872637
5
802421872552980785027786958746906368468313744460717619753071101041238088666841204853641056166279633
6
470175692396012693759908527215072001561912533704370482266287904405573667731724722868242133636772969
7
12179876276193048744481454498
8
62258297373259857602703647590
