1
99272280961995788801656474379324242682690990623408572031714796475511499
2
2668709568005008771865316888051520512768768291068267990706664229
3
54803923745077
4
41611915409186688107280104171695756069820738317359278210627006573191174384119260479788
5
32125295314248635998319740335385640381824661357856719824240712476615901777933532556577286495
6
703101385290472995524453940036356678006493542476341127
7
9599048382392215916135164874490115305986532997
8
61894212160958033580100343790275355998406404605
