4193
403515150
407260412
407410675
403725523
407520769
403725754
403315444
404115128
407415957
406520360
405530287
407315440
406410049
403620717
405320266
407220106
406260530
407210843
404736455
406510948
403235419
406410906
406630308
406315296
404257270
405320589
406320695
405415276
404235448
404610873
405520979
407410200
405710737
404515391
406520546
407736122
404425373
403530389
405410920
403610070
403115296
406630129
406257901
404315034
406415592
405125698
406415355
406530954
407430657
404320505
406430726
407520033
404710464
403520808
407725235
405526322
407110221
407410901
407210041
406320676
405420634
403630668
404235834
405220842
404120475
405410913
406260023
404610151
406515598
406125048
407620358
407420184
406335647
406430120
403210045
406620611
405510374
405725401
405320749
405515567
407430162
407315670
407315996
405710370
406257640
406515735
406320447
404530931
403115910
407630827
403520147
404526527
407410260
405335690
403425034
406210549
407235005
405530332
407120184
404315930
403520265
406260443
405220975
403220635
407425116
403120469
406520395
405425073
406515471
407330729
404220733
404736344
405310218
406725918
406520998
403530168
407115117
407526154
406425039
404335295
407257285
403515562
403520208
407115748
404520519
404410091
403210049
404710805
403125049
405330059
405320077
407515596
407330831
404430640
407330921
405110153
403120282
406110937
407630821
404630464
406415560
406530328
405530408
404115528
403515870
405410748
406235824
404310932
405257884
407120459
407630820
405310943
406115922
403610992
406235328
405510035
403520726
405410852
406257809
407110285
406610291
403310449
403120186
406210197
406310027
406115804
406120790
403430151
407620472
407526653
405620105
406610245
404415047
405115903
406526741
407220146
406315794
405736133
404425941
403235430
406335514
403430712
404526401
404235958
406257831
406335343
406530037
407526223
403335943
405430300
405115485
407120246
404610937
404235636
405620274
405725933
406320778
407520968
405510748
407526001
404520175
407415479
406725782
403725977
406710886
406335241
407115385
403410402
407335284
404125758
405736635
407310485
406530501
403125999
406530304
406430186
407520544
404335693
404310101
407125140
407420695
406510603
405430465
404510696
405526470
405410379
407526645
405710028
407115496
405515409
403710345
407610547
403520131
407210741
406610056
403220410
403610078
407220916
407125569
403415619
407736746
407125610
406520808
406410081
405235347
403125856
407330988
403115816
404526016
405610849
405420430
404125538
403125863
407620039
404415051
404620844
407120157
404610861
403235153
405520229
407515927
407630580
405315168
405210450
405526342
407260511
403335298
404315534
405520565
403415359
405257921
404725838
406430345
405520050
403115292
404526767
403235744
403736930
407420470
404260131
403520923
407330802
406520800
406235773
404410331
404510733
406235596
403610319
405420245
407415624
406530162
407320371
406235638
404210666
406220898
407610232
406315789
407510129
404630203
405260958
406125970
405220469
403515875
405736265
403520788
405315915
404335991
405210652
406430170
403120053
405220092
406115528
403125354
406115233
403335132
404430981
403610063
404736969
404110468
405430126
407257935
403125534
404110449
404260357
406330299
406736170
404125917
406515147
406725561
403125332
403115737
404725278
406710758
403260286
405260085
406610736
407420953
404425876
405335422
404120624
406235725
405115516
407510506
407410821
404115833
404610227
407526747
404235046
405125094
404430549
407335751
404410621
405526600
406515681
407210614
406710888
404415482
403510336
407115982
404220339
404420571
403115415
405310427
405257096
403110104
404257176
403425586
406710140
407425111
405110777
407415780
407260295
404530201
403430617
405115700
405415379
403526951
407220243
407526704
405425090
404736745
406110992
403725767
405725461
403710749
407410636
406210913
407736523
405257924
405330835
403110004
407235867
404425000
407610031
406415221
403410496
404515448
404736700
403257360
403630459
407425708
404725712
407330877
405120729
406425324
406425149
406736612
404220565
407115481
403115008
407410383
403515534
404430758
406425424
407125821
405335647
406510116
406736996
405220728
405330026
405220350
407420471
406620949
406710788
403310718
407510103
406520158
407725726
407257613
406330882
404260385
405110326
404120823
403425122
403315019
406335361
404210910
404110230
405410448
405430087
407335180
406415084
406310148
406220339
406120237
404330292
405330661
403320251
405410887
406610144
405115232
403510224
407115271
403315333
403320439
406110863
405210963
406120505
407725780
405420209
407210323
406620203
407235452
405120794
403515432
405235611
403220973
403620741
405320702
403115423
405710550
406420670
404220344
404220748
404510231
404125544
406310565
406415185
403310406
404320797
406526444
404235172
404515393
404210435
407430062
404610253
407260931
405710526
406530738
404736738
407320525
404257890
406420776
406235122
406315522
404330453
404420683
404610605
405526857
403420959
404420562
404526447
403235774
405710157
404110726
407736059
404520535
403630713
404736257
405425072
407125359
403630203
406220187
404335878
407736576
405220321
403725927
406260223
403415723
405430048
406320383
407420084
403335354
403120787
405630768
407420944
404736867
407235603
407110839
407530581
406110492
403610126
406430721
405415126
404420294
405210789
404630436
404526897
407115985
403710838
407220237
403125472
405330704
407620538
406330786
404110678
403115446
404315651
407425040
405335345
404315605
403526666
405425475
405725892
406335346
407210807
406410457
404210406
405610437
403210974
407125020
404425030
405530665
404235974
403515009
405125565
403710363
406510285
404630279
404630779
407526758
407410307
404610881
403220349
406410273
407110947
406235313
406630393
406110781
403415229
404260472
403736531
407335280
407125576
407110171
405510138
403725574
403220334
406520245
406725699
407120309
407420870
406710034
407120586
407320474
404526500
405736186
406310849
405425378
403630240
407310602
407260419
403425957
407110112
403710107
407415898
407425074
407210980
406220003
405425950
403515508
403530608
406110117
407260844
406420051
403515245
406430400
403320893
407420091
407610530
405630305
406120139
404260488
403235265
407110811
407420896
403120102
406736627
407315593
405220515
404430534
406330056
405335294
404630872
404420136
407630106
404235961
407620988
404710983
405210746
403630424
403420933
403257658
404520221
404425738
403110061
405425348
406235030
406530601
406620423
407710489
403125102
407257819
407320965
407430462
404430177
404530144
404515774
403515152
404210530
405330514
403610754
405310850
404725332
404515664
407630329
407526215
407430621
405630964
403530240
404515563
407220111
407515664
403210521
404220650
406610036
404125957
404415743
407257233
405315567
403235224
404120202
405315511
406335587
405310063
403520065
406120006
404420138
405515860
404725842
403260649
404736013
404260314
405315292
406220657
403510980
403125209
407315263
403220957
403120191
405257054
407530396
406335649
407260806
405415258
404520153
405330257
405620126
407610730
404315872
405526468
406710596
407110392
404520226
403330436
407420962
405115327
405220835
406526498
407620391
404220996
407510991
405210851
404310561
403630669
405736580
407257503
406520123
403630143
406515589
405330681
406510448
405220160
407320769
404736301
403630141
405315965
406220292
404320974
405425984
407510338
407115966
405520387
403520399
403736170
406220793
407410979
406736851
403320040
406420768
405415237
405710967
407115358
407430231
403220323
403257818
406210078
407220338
407257563
403526179
405510332
403620423
406630917
403257867
406736602
403320940
403335547
406510385
404125741
404110967
407710753
405515791
405257777
403115613
405430951
405115349
403736959
403310840
403310580
406330193
404530154
404610081
406520997
404515903
403430635
406110470
405725069
405110576
406310851
405420199
406257204
407620259
406620408
403430797
403125345
403235508
406610581
403725284
404415376
403736465
405420765
406620690
407415047
403115776
406320037
405420134
405630149
405330153
403425809
403425036
403610851
407257933
404410688
403125082
407510286
404430646
406210515
403530853
406430738
403526050
407220786
406630415
403510781
407420521
407210470
404425398
403257770
407110341
404610676
407115267
406310178
407125518
404257810
407330231
403425618
403125784
405530234
405115421
404335594
404526513
405115615
403515249
404526454
407257317
405125463
404515072
406235461
403335585
403310063
407530130
403115519
406220430
405110513
404310454
403310246
404235735
407510827
407330299
404630229
403320373
403210308
404110538
404260389
405115687
407515478
406526880
407210489
407310616
407430354
404257852
403620670
403315325
405710966
406315998
403110015
406310597
404430672
404410626
405310417
404110790
406425999
405530691
404630061
404310086
406257132
403620682
406630311
404315011
403257359
405530992
407710773
406310104
407257578
404630115
405310330
403420505
407736598
406235297
407725886
403425951
407120277
403110917
407210811
407610904
404210633
406330449
403110758
407257557
405515836
407110871
403736952
405320667
404710662
404315373
406125988
405410347
404430597
404310455
404257351
407110982
405120686
406125333
403736214
403515819
403335745
407115671
403235327
403315742
405410827
405610167
405210294
406310813
406620159
405335674
404420742
407125488
407425019
403260097
403510411
403210292
403410125
404310939
407410291
404320627
405630778
406510617
406630714
407630526
406725053
403510011
405120425
403235137
405630862
406520756
406257766
404410265
406235731
406630956
404520816
406515675
407315013
405115221
405526849
403410070
405620208
405315890
403510120
404260479
404410239
407260739
405530263
403430092
404526361
406710508
404520057
403630411
403110054
407736553
405520777
405736060
403330092
406420324
406610702
406415505
404620601
407120053
406330211
403410445
407530044
404125310
404257072
403526722
407335386
406736285
403515035
406320661
403220774
406110989
403515301
406115115
405410162
407620808
406335362
407120563
407410862
407115692
406630267
404125907
407725572
404520642
403515521
403335670
405125483
404120461
404415931
407220125
406110986
403120579
404235177
404425133
405725166
405620911
406335329
406257607
403420758
406115553
407510192
406520352
405510536
406736864
406220862
407120090
406235862
407220933
406330866
403115161
403120126
406315000
404257532
403235472
405235258
404520823
405530972
406330422
405210296
403430364
406410682
404430432
407320986
406315360
403510524
405425794
405315633
405210910
407736288
403257151
405330436
407110745
404410118
405610753
405725090
405310093
404430666
406425462
406125382
404220719
405420315
405520223
407330116
403630230
407257213
403260557
405315227
407115518
403725831
404425607
403510539
404420450
403736394
406620983
404235984
407335755
404320567
403235106
404530700
406320884
405310171
403210821
407425762
405710746
404526774
404310754
403515135
407220065
404320866
404425482
405330210
406710124
406257528
404235312
405410231
403610984
403210044
403725710
407530500
407120088
407415306
407515646
403526514
404610163
405425970
406315519
405410540
406420271
404430132
404420202
403520392
404736633
404526302
404335164
405120769
404420325
406330594
407315486
406310162
405515538
407610784
405725668
407510990
403335664
405620983
404510491
403335084
404410182
406330830
405110092
406620713
403620015
404315245
403210384
404425437
406510550
405526120
405410979
405620816
404725955
403526185
405630227
406210594
407315139
403430995
403510935
405620461
406710750
405526339
404420626
406310449
403515191
405425357
403425436
406257231
406430611
405515822
403410854
406315555
403725617
403610083
406630991
406515879
407125245
406526897
403257032
407620336
403620320
404315941
405260340
405425596
403335100
403220537
406420374
404210575
405725766
405120202
404710859
403125530
407725939
403710845
406110530
405710637
405415946
403235261
403210922
404610583
407315897
407330401
405415034
403610129
406115992
406125605
406220310
406630163
404526510
404310414
406410235
404736420
404620454
406310832
404620446
406610397
404630224
403736321
405125538
407620959
404110841
407120836
403526700
406526366
403330511
403710244
406725700
404736949
404725046
407425440
407610392
406260427
404420256
406120548
407115979
407420012
405610834
407310408
403620970
406725822
406530551
405630660
404235488
403710390
407520351
407515103
406526536
403125659
406430437
407530508
406415530
404530925
404710123
407610187
407330190
404235883
404415591
407315141
403257344
407526212
406257606
403120468
406610093
407415636
406210911
407115533
405725593
403430504
403420089
403330226
403220316
404110287
406630500
403310391
407260967
406630955
406120174
405260503
405520280
405510741
407115370
405425716
406410762
404120039
406610402
403320230
406530469
405620639
403410374
406610748
406520272
407110972
403310706
405425843
406736040
405257405
403620737
407725833
406520429
406257668
403320962
406335798
404320827
403235757
404415835
405630433
406520860
404335921
403125248
407420577
404630811
403220398
407520354
407425880
404725346
403510079
404257389
405710752
405510084
405330567
404210414
406260998
406310429
407260096
403257727
404430922
407257063
403120748
403530012
405330409
403235514
407315505
405736760
403260186
407515777
405630126
404125537
405736803
406315427
404725916
407736514
405710446
404220101
404210254
407235272
403415915
403515540
406335797
406315612
407620492
405610446
407335096
405210618
405415200
404425739
407415688
403620391
405610630
406520854
403260044
407330731
407415303
403530431
404620938
406410407
405415754
403120986
405610242
405630985
407430360
403330626
406110836
405530278
405315085
405310049
407125750
407530743
405125614
404526743
406315613
406110714
404310849
403310723
404235479
407420208
406330687
403425252
403415938
404610395
407526970
403257486
407220166
404526695
404530126
405610424
404510303
405530200
404526319
406710376
404257277
406210108
403110697
404515312
407320362
406415512
404330938
405120460
403310757
406725020
404710198
403220511
403610623
406425371
407430738
405710122
406410775
404220798
405430555
404710322
403620788
405420335
403257510
407510530
406330039
404110355
405315813
403736907
403110343
406430083
405510366
404526039
407736881
404320128
405515340
405425409
403110646
406425616
403125329
404425747
407335434
407430126
403310320
404257619
404515065
403736392
404310596
407610727
407330968
405526137
403420353
404420821
405260916
404235573
404120792
407710580
406425530
407115498
407736912
406310835
405420231
403515627
407736507
405420320
404210365
403620763
404420126
403120850
407120552
407330403
407210832
405620417
406736086
404120007
405260182
406335598
405736848
405736439
405315410
403526288
406610540
407710896
403425648
404725717
404420457
403430425
405115658
406120182
406125535
404410208
404310770
406330568
407335362
405335452
406725145
407425531
405620249
406120070
404315457
406330015
407736829
405260737
405736442
405320389
406335699
406220097
404736004
403725043
403725483
406330188
404620373
407320818
404260621
405420958
405320555
404430896
406736935
404710947
405420034
405310231
404330732
403415501
406315321
403410300
407257698
407530583
404220267
407736044
403420752
405530469
407410902
406110757
407410918
407520475
403710514
405125225
403330483
407235087
404315578
407710965
404330512
404415746
404725380
407315203
407710480
407330345
406530294
403410845
406620383
406630471
405125086
406520655
404330149
403320591
403220500
407520977
404510391
403260469
406110396
403410728
404520210
407220208
407420712
407410214
406235095
404526028
407620415
403235818
406415274
404115334
407425447
407420383
405220630
403420844
407520767
403310069
406310383
403110879
407620554
403425462
407125981
405115596
407410197
404115019
405610494
403210579
405220391
403415891
405515074
406220504
406530933
406520225
405260893
403335230
405425646
405125674
403430733
406120030
406260724
405510527
405430483
403736320
406610886
407220468
407235578
407710187
406620488
406210571
403330854
404725755
407115942
406120462
404425844
405415409
404425427
403526733
405110741
406425985
405415826
404425143
407415356
403515436
403710330
405425530
404125520
405220664
403425576
406320164
403260376
406410605
404736693
407430602
405310712
405415540
404510820
404725208
404235987
407315525
403725681
406526148
406515308
406415618
405310856
403610863
404330395
406260782
404260734
403330119
405736481
407115288
405620059
404235107
403120973
405220553
407736739
403736955
406736307
403125043
404530916
407315503
406115542
405125430
405710112
404125170
403235183
403260255
404520904
405415075
403235964
406510951
406330821
404310080
404315082
404510213
407630525
406335457
406330813
404260882
406725320
406330366
405410895
406220635
406520582
406620437
404725128
404610016
405320684
405510676
403115761
403320385
407630402
407220817
403115297
405320090
403125515
407510671
404310049
407520266
404520064
405315731
404320425
407710638
407630293
405530290
406110819
407310886
406310862
406425108
403430297
404315695
406430042
405415138
406310763
405220897
405120888
405315422
406425667
403425004
403220403
407320227
405610448
407210303
404220157
403620325
407630592
406710313
403515621
406310602
404410942
406315919
405526049
405410079
407425182
405710127
407610670
403125064
403725647
405530571
407220524
406235185
403330918
406420005
407620405
406110508
407610335
406630658
405725815
404530116
406310191
405260757
407620207
406315817
403257942
403630803
405320196
405210398
404725163
407260584
404235549
403120257
403520254
404510006
407120015
403260952
405510982
406736499
403125234
403410730
406310052
404410576
403420450
404320553
405335203
407220161
404410595
404315386
406430975
405315771
407530487
407420125
407610453
406257205
403736217
407260604
404526977
404257685
406620251
403736228
406410095
407736107
404620308
406235557
404335145
407725176
403420073
403210727
404110300
407125565
403510687
406725446
406725647
407425790
403530080
404415045
406710433
405310370
403335173
403630930
406725658
406235868
407310123
403260760
403710158
404415600
404335553
403510401
407115955
404430060
406620544
403610469
403410772
403410799
403335801
407620553
404420736
406210459
405320261
404210149
406510639
405125147
403425162
405620113
407620145
405210038
404330241
404630604
405320363
406315404
407310359
405210150
407526791
406526484
406210962
405736610
406710624
406520607
405510274
407420722
403620643
405210235
404335077
403320719
407530235
404235988
406526884
407335461
403235398
404530667
405125622
407415249
405210364
403315354
404220860
405725150
407515030
403220908
403125591
406335303
404430481
406335405
406125833
406526265
407425407
403335371
407430573
407235820
405120799
404430722
404630591
406410340
403120635
404610113
407420801
405257175
403257712
407630365
405330755
403257702
405736493
403630848
404420150
403530481
403235998
403736423
407260254
405115205
407430514
404115908
403330252
406410472
405510190
405425155
405125200
407420128
403736356
403110862
403220691
404610250
403260494
403310708
405710238
405620182
406257123
407320415
403725691
403620817
404515843
406425826
404210702
406220399
406110386
406120170
406235123
403335799
406425706
407620228
404415054
405120939
406410280
404420612
404710831
403210565
407310726
403515639
403115678
405710273
405315886
404220481
403530614
407115248
404310729
406257342
407526963
405330341
403410147
405410588
407210005
405320382
405235524
404235728
404335907
404526878
406725645
405257667
405515852
403420486
405410672
405335601
407125471
405510887
404520071
403120598
405415509
405710425
407430137
404420660
406320972
403420965
405610952
403425056
404530486
407320992
406257391
403415859
405630552
404620214
406120717
404310036
404235450
405415595
403315385
405530785
404710549
403210833
403120381
404630940
405530309
404526756
407630709
407520177
407220316
403115811
403235278
407425991
406220468
403260859
404335044
406210328
407510697
403120803
403520606
405526672
403520979
404315448
407125846
404320931
405725159
403110091
404410084
404315935
405125670
403120682
404260850
404420205
407310694
403220481
405620935
406736697
407330946
403520530
403320301
404530541
404736818
404320551
404736475
407260930
405235206
406736107
405235894
403310279
405315908
406125286
406630867
407120886
403320302
404110416
404315485
407430740
403530464
407220228
404310654
404257841
403710702
405530789
404310290
406710851
403410863
406320915
406335536
404310587
405330054
403620601
406125009
407115225
403120321
405520266
406526397
407125534
407210503
405115380
405320993
405526612
403510459
404410051
406220650
406115287
405210221
405315620
405725625
405235825
406526651
406526212
407736310
406530467
403710892
403510706
404710818
405120969
407530014
406335966
407410591
406425740
403210994
406725662
406115028
407257510
405335044
406120031
406210071
403310214
407510941
403110240
407736469
406430827
403425103
407630417
403257708
404630312
405520941
404115731
406520112
404310566
407510466
405710900
405235816
406530097
406725927
407736927
403210212
403335939
405425015
405260650
407526396
406425600
403125128
403410267
406110668
403125475
406710818
404125548
406125044
407630658
405736222
403710899
403526090
405410553
406630398
404520372
407620844
406220139
405115168
404736753
406420542
404120708
407260403
405220162
403530355
403510644
403520427
405725612
404425125
403410986
407620431
403510477
407125046
404526983
403310684
407310590
407510369
403315483
403526077
406320382
406120498
407630491
404260649
405725207
404310688
404320785
407630285
404125314
405257748
405725434
407510654
405320706
405510385
405210101
406220045
407115123
407420034
404210246
405630980
405125473
404320254
405530305
407530375
405520962
404235284
405310303
406610254
406125010
407425753
404425578
406260668
403530671
407610319
407125475
405310912
405510546
406630080
403425889
403610710
405510357
406310905
404235095
404510848
407410056
407530032
403725672
406520085
407260063
403710677
406330552
403335508
405260793
405120743
403335044
407335131
407630152
405530208
406425847
406630742
405610097
406430822
407630107
403630427
404260596
403220645
403620609
403620801
403210586
406110796
404220029
405530590
406530343
404115880
407125491
405415255
404410338
404235596
407430789
403110713
405410649
405520539
406220602
405257651
403610015
406210638
405260119
405260491
407330782
405110144
403420193
403115669
404410866
403257965
403420658
404425220
403420331
404725835
407315301
403510797
407515139
406335668
406115025
403320856
403510105
403310720
403310774
403526992
406315595
405260497
405425830
403725706
405320651
403425744
405257052
404515360
404710367
406125061
403425657
403415125
404235791
405630170
404257295
404310493
404120586
407120151
406410242
407410331
406510734
403330656
407526887
406530035
403620277
405610991
406115889
405630273
404320788
404530464
406330010
403115054
407257357
407530479
407510987
407630019
405425028
406415264
406220318
403630785
407610843
406115201
404510787
406235729
406420821
403125817
403515255
407260089
405510613
406430987
403710241
404257671
405120048
405125525
407210950
407610005
404310624
407420207
405330870
404630099
405620186
404210376
406320815
407530225
406420947
404710863
406420610
403420200
406235178
405110478
404120249
407210844
403120030
404330973
406736761
403220592
403235603
404630409
405410809
407220868
405330919
403515651
404736791
403257619
404220664
404110522
403115918
405420417
403315268
407520598
406530635
405425452
404410667
407220371
404410986
405260018
407620439
405125368
407520692
403315650
405310600
403210989
403420190
404335169
406630470
403120504
404530514
403510435
403220069
406115055
405520960
407526678
404620116
404510150
404410652
404630968
405220948
403430153
407620917
406420021
407310441
406725858
403526221
407235564
405520043
406425695
405710596
405410401
403520289
403530453
407515836
406530581
404310990
403710146
405510243
406125060
407530799
407530794
404220800
404335399
403420344
404736414
404125965
405257409
405425056
404125560
405235509
403520628
406125466
407410313
407310018
403520093
404330602
404220919
403630123
404530045
407115874
407415515
407330277
407610688
405257630
405515241
403315825
405415186
406620654
405630439
405235905
406310644
404335574
403630607
404736027
406420149
407115273
407320292
407630086
404330325
404210725
407630774
405210810
405210590
407710573
407115493
404115316
403530892
404415559
403510969
403610108
404515378
407736006
407620641
404235608
407736543
407115763
406510279
407330525
407520707
403310869
403315024
403310348
404736780
405415283
403210203
407526096
406235620
406520041
403410352
405620842
404315783
404420500
403120978
406315790
403710298
405410534
406235517
405210302
405510560
403260818
407420673
407115204
405125574
407630421
406425014
407620999
404120909
406315651
407630997
407257061
405420742
407620985
406120415
404260519
405420433
403610066
404257355
405530898
404526205
404620888
407630541
407520935
403335035
407610769
406330646
405235452
406610757
407260065
406310081
407710410
406430209
405335921
407320637
406610615
404115104
403430599
404610658
405620462
407310170
406257938
406620369
403315391
406520415
406526180
405725343
405420623
403315989
404610513
404330844
407260263
406620595
405235632
407515175
403526332
403210953
403120339
403420160
404330524
406257878
406510581
407330131
403725313
406110892
406620535
404620041
406125206
407235082
404425275
407510368
403620813
403315254
404736895
407415904
406220537
403710950
407736678
405235615
405260475
407257196
405415917
406210617
403115874
404610684
403220708
403310831
405410750
405210835
406510145
403430114
404510527
407115819
405320184
406125440
407330030
404515471
404120368
404510308
403410850
403330124
404120673
403415720
404610854
406515243
404235568
406315584
406736924
406610951
406315634
406210542
404510876
403430346
407320984
406510290
405315712
403425428
404630868
404260751
405125990
403210012
407120965
404415086
407510699
407210930
405257845
407125838
406725061
406320914
406515852
406725938
407736051
403526144
403526945
405630837
406210652
407210476
405110450
404430575
405110344
405630073
404210968
403610721
406620955
407235876
405120811
404515114
404115549
406515739
406610568
404115675
407736342
407120748
403530903
405710044
407630052
406530909
404260716
406335951
403330806
403430773
407315628
407330422
405320223
404220861
405235104
405235919
406710647
405710231
406710878
404115275
405120709
403610944
405320492
403526668
404110370
407220631
407235675
407520796
405330860
407260926
405335538
406620669
407110214
404620651
407520170
403335302
404410887
405310345
406430657
405257019
407260932
407110016
407260040
404710756
404320116
403220902
404710155
404125479
403520060
407315373
403335888
407335600
403515781
404110143
406260542
403620106
404410100
403420743
407430821
406125171
403315595
407520447
405430687
403260212
404520111
406430308
405736867
406210366
403736577
407630555
406610002
403115014
403515154
404260491
404315906
405210068
405235044
407710953
403410867
406415142
406430597
403515866
404510776
406710280
405710265
406420252
405110225
404420446
403430819
406110279
405526924
406620641
403310622
407415060
404320764
406315307
404220142
405736291
403315258
404710332
406310322
406630574
405425494
406530522
404115291
403725089
407320737
407610821
403425669
403210523
404736640
407620243
403736560
404320911
406320891
405335096
404420397
403220160
406335838
404315215
406710500
407120475
404310258
407710396
404620610
405310864
405235242
406430378
403260808
403125369
406330266
406310183
405415941
406315443
406335288
403520723
407630465
404257561
405210873
404115720
405526898
404235030
405415165
405125967
406736269
406330662
403710275
403235719
407410063
406430311
404260680
407610326
404310097
406330448
407510274
405526693
404510330
404335330
407520492
405620330
403320617
405725309
406520193
404260843
404320633
403335917
405315219
403510063
406430531
404620255
403120890
403610402
405315855
406415167
404526346
407315307
403110127
406415898
405530652
404620968
405430660
403520627
404520680
403235640
404530429
406620229
403710351
406315481
403415160
404620067
405526319
403420275
406415955
405320941
404410140
403530247
407260978
407315123
404736339
407110154
404420551
403115955
406115254
403725948
405430096
407710970
407257114
406515022
403526871
406210034
403315569
404725187
407415211
404710885
407125398
406420083
403420384
407335693
405220746
405430256
404330128
404330963
403220079
407630099
403526191
404420267
406526509
407425474
406110128
406260369
403110017
407110017
407415584
403125057
403630292
406630215
407235888
405335097
404520304
404125665
405315059
407520777
405335507
403725981
406330619
403330647
406415473
404320046
403710635
405335056
406115091
406125709
407260530
406315617
407630240
405110051
406710117
403620243
407120723
406210926
403120865
406115338
403736196
403510563
404415100
406610520
405235639
406110626
407410394
405710136
404415180
403330696
405257796
407410819
405736235
403335197
403110710
407115721
404710875
406430850
404520492
403235568
405110873
406335459
403320334
404320590
404330456
404310200
404725055
403526203
404110307
407410936
405420920
403710396
407410621
403420623
405530202
405425414
404220518
403115227
405425874
406125826
407415923
407530579
407520362
405520594
407120467
406220144
404620707
407235036
403320835
407630578
403725363
405430381
404120459
407125160
406736283
404315600
404526700
406610334
404526490
405410877
407610396
403710952
407610815
403620797
405415997
404620092
404610844
406736623
403710076
406425977
404410076
403125451
403526035
407125934
403620074
406310685
404315612
404415969
403120331
405335911
403725073
406630803
404420451
404510232
404220111
406530299
405425216
407320956
406425687
407515959
405420746
406425471
404235881
407425013
407526060
405310384
406430645
406125248
404315665
407510202
405315269
405260834
404125376
405526005
406330690
403610130
407115054
407110900
404310298
406330070
405420864
405710114
407330595
405125016
404610514
403610245
403430015
404335449
406330571
406310612
405510048
403335181
404530577
405520983
407120640
405530433
407510048
405515861
406210219
405315063
404115676
407515272
403410382
404235241
403520760
404420112
407260488
407415879
407415860
406220254
405257172
403526136
406425325
405210822
403235916
403315910
404425099
403420853
406330931
407736249
403220904
404620645
403520851
406330438
404526366
404415193
406630797
403415415
404310388
405430179
404415942
405120358
407310395
407315854
403530982
406725478
403710252
404430452
407526759
404610226
405235443
407530698
406510899
406315950
407335023
405110260
404110885
404515915
407530030
403515032
407260620
404315458
406710952
406520060
406320875
403335925
404220648
403530906
407430796
407320801
406220107
407315845
407330512
406260565
404315312
406620272
405125695
406257133
407620058
406330403
404430763
407210274
404110702
404235599
405526983
404220200
405620635
404260151
404410668
403110967
403320649
403410550
405515707
404510363
406425950
403125955
406220547
406110081
406315155
403510434
404520108
406220927
406115342
403115586
405125715
403125170
405125222
407220101
405260408
406736929
403725330
406420084
406257949
406335466
407220826
406310390
403526309
406736539
405115122
407710499
406120076
407420779
405425568
406630900
404736462
407425073
406620037
405257192
407410409
405530743
403515071
404520158
403425516
405335142
403125233
404120898
405630203
403310815
407220160
405210399
403320112
404330432
404510686
407415255
404235912
404425229
405430067
404510602
405620897
404710470
405520764
407630518
406425448
406260772
406235382
403220093
407110348
407420862
406725683
405315404
407335518
403210450
404520381
406110051
403235452
405410653
406630024
404335909
405425645
403520469
403425898
403736364
403736061
407620767
407725068
405120457
404257444
407515193
407415493
407210066
403526430
404710082
405257180
405320659
403257937
405415274
406415964
405420534
407315243
406120869
407530325
405620946
404610147
406620088
403110094
403330237
404220162
407315863
405315998
405710419
403210332
404125909
403125921
407335681
403420726
406235250
407610892
405425159
406620482
403526248
407415508
405630901
404260212
403725802
405220862
404515155
407725011
403125239
407125335
407520403
407710123
403420819
404415367
407520406
404610393
404120976
404320679
407110032
403120713
404210482
404610829
404620909
405125150
407120232
407210401
405630352
404526318
405736102
406736026
406415495
403630875
406510701
403526743
407260746
404220838
405530737
407260170
403330935
406526551
404420378
407425849
404526666
407530436
404725395
405125535
404320382
406330271
406420480
407310597
405110799
405320082
404415584
406630582
405410053
405410690
403335415
405420725
403315041
407725844
403610522
406736066
407430328
405125233
405260656
407736749
405330194
403725375
403220716
404620546
404425323
406610132
407420849
406620312
404320855
405260360
406320706
403260987
406125866
403210087
406620154
404315389
405520921
407520242
404115082
407235899
406310886
407310779
406220720
404710280
407260204
404425379
405115756
403620279
405430956
406260978
407120084
407736074
404515281
405736480
403120406
405260068
407736140
404420613
406515218
403530634
407610149
404330226
403310850
404610763
407515571
407260647
405125789
406260366
405510699
403220970
406220733
407120051
407115948
404610969
405430218
407315511
404257344
407630785
403736167
407210903
407310732
405260159
406510267
404410326
405235858
407235447
404410714
403330809
403410002
406430901
405710495
406515097
407630032
406310667
403415614
406530475
404335224
405310537
403335649
407510154
404330120
405710984
403235293
403235958
404420302
406115770
405710628
407526929
404430792
403310995
406710102
407510207
403725900
403620920
403620561
406410122
403430333
406520321
404736572
403320721
404520406
404710795
406515565
404425200
404330592
406415138
404630596
403515269
403220527
403120536
403120943
405335240
405630830
404520361
407510955
406415030
405725644
404310968
403310978
407630672
403120018
403425294
406725925
404410423
403235753
407210344
403510476
404310504
407526374
404736097
404315515
405210058
405710286
403115389
406425683
404515266
406710197
406310206
406210711
406110665
405710387
404520441
406530538
407220782
405335759
407620480
407320300
403530510
404736141
404736313
404315050
406420726
407630500
407736819
405210185
403125723
403420175
405310771
406736971
403335875
407330065
407335015
406725063
404115533
404515043
406515815
403125795
406736859
407620984
406320953
407630537
407526803
404430742
404710827
404260536
406515341
406120870
406220532
407425060
405120388
406526909
406526746
403330579
406736003
406526114
405420836
403630648
404510636
407115604
405410893
406125666
405320601
407115505
403315580
406410115
407725077
405736409
406220295
404410523
403115734
405510901
406420882
407630739
407335306
406257254
403310374
406425208
406110064
404725207
407515742
407610718
405235692
403120797
407125516
404115284
405120839
407520866
404630447
405260922
403425200
406320463
407710420
406220017
406515367
404320261
403420348
405257915
405257014
405260635
406710510
406725913
403425081
404430101
405415385
407630017
404320606
404125682
404420564
403320746
404310795
406515091
407526631
407430543
407430155
407515528
404335004
405310666
403736689
405220593
406257215
404510895
406526133
407257432
407335418
405710821
404110210
407736842
407257821
407315572
405210833
406315931
404110845
404110583
403736481
404526487
405415175
407260594
403710931
403515331
404736235
404110666
404320856
407220711
405315929
406530401
407510948
406260113
406335705
405257373
405257847
407235572
407335056
407260376
407315967
403710352
405515736
404310535
406220687
407335397
405430905
407120007
407725063
405315708
404630713
407420183
407110558
406610847
407120344
406630709
407125419
404736020
407610853
407115209
406120329
407260864
407510147
404220630
403710949
406315413
404210193
406257380
404510386
403335270
405430729
407310801
404425545
407220389
407310260
405530944
406335003
406630655
403425894
405330921
403725557
406415400
403257101
403520685
407110436
405320431
405120278
403710340
406310943
405425885
403335438
405120008
405430627
403235643
405725289
403736340
403125484
407630354
405235440
407257533
407257848
403425327
405526093
403530910
403425536
405120699
406430514
404310835
403736258
405510514
405515645
404335196
403415647
406110820
405620674
403257614
403420873
406725539
405125598
405410995
404736845
405510595
407510253
406260900
405235388
404315964
407335370
407610731
405315346
407526365
406620314
405210177
407110902
407530880
406526874
403526822
407736851
407120365
403630144
404315598
405710675
404425597
405315933
404125462
404510932
407220686
404257873
407630027
406330865
405115399
407320202
407115739
407310393
405110712
404115376
405736032
407526157
405125270
406310184
405330530
404260995
406330976
406530857
407415845
403315334
405120787
404120367
407310372
406725071
405430591
407710909
406120253
405320269
404630841
405510709
403425857
404610799
406125303
406420557
407115197
405235881
404335613
404335381
405220003
406420017
407526530
403425801
403526630
404110590
404310922
406260878
403110354
407430750
406410683
404125597
403110790
405310838
404110227
403330396
407526575
405315426
406420006
407510221
404315338
403620535
406120811
405257629
406620801
406725592
404330043
406620868
404115022
404120840
407115885
405110634
407515261
406330605
404430165
407620640
405120417
404260708
406310217
407110240
403125899
407510688
404235079
405315466
404710238
403335177
405335603
404220033
406330298
407120148
405115383
403420005
405110896
406710973
406110822
405430274
405526423
406526203
404260731
404257025
403235002
403220819
404315442
407210936
404410979
407410883
407220421
407515814
406526860
404235459
405710004
404260917
407710713
403410835
407620894
405410295
406630244
407620489
406710368
405630895
404736909
405530189
407110633
405520493
406520855
407235740
403220997
406260305
404430403
406710754
404257811
407420776
404430629
403415040
405515200
403125725
407420882
406420763
407520361
405410431
405415539
403530925
406620149
405736558
407610402
407430742
405330676
403530923
406320881
405515550
407320273
406330896
406530301
405610750
405736399
403725234
406710001
404257549
405210636
404725232
403315558
407510422
406630108
405515462
406320593
403410212
407330485
405110002
404257199
407510332
405420550
407430449
407425530
403260053
407335355
407520850
406320911
404710392
404115812
405515148
404530986
407420609
403510705
403725874
406515894
404420492
407510960
405415192
404315053
404610688
403220783
407220191
407415997
403630114
406725954
406610341
406110619
406410893
407115377
406630809
403710728
406430159
407335051
407420129
403235460
405430057
407526913
407310683
404630467
404515376
404520100
406410945
406620997
404430326
403220958
404530578
407725511
406320988
407220846
405725169
405335013
403736943
405125960
407725302
403220865
404115466
403736351
404725385
404235401
403725355
407110424
403610424
405510949
406260025
404335897
403320919
407510854
406110363
407335507
406335742
405257087
407410948
404530106
407620630
407520044
404425746
406620002
405315429
407526543
406315197
406610584
406125205
407410954
405620026
403526691
406515151
407257467
405520981
403736493
403510722
404725311
406510041
406210446
407526606
406630750
407125191
406725911
407410722
407630400
407115276
405110553
404610820
403736294
403235511
406220345
403710367
406260678
405620625
406310712
404120783
406520045
403320771
407315329
406725249
407520329
404420559
405220115
406526882
404260336
407210530
403420447
403425288
406320221
403120052
404430446
404310464
406620293
405315843
405110590
407620743
404725607
407430493
406210977
403710697
404630112
405330563
405425999
403315368
407736562
407630919
404315039
404620175
405125289
403725175
405120541
406425499
405260480
403330541
406110156
407125609
404260865
407520824
403310500
403620031
404630763
407710815
404410859
404335233
405260601
407220295
406415842
404310306
406315571
405710455
405415345
404620826
407235622
407235394
403610916
406520370
404235635
407415629
404425325
403320582
405425809
403430714
404260421
403115237
407725033
403335557
404310607
406335681
404710455
407260087
404310254
403430375
404257131
404335049
405110075
405530667
403257884
407110781
406526821
404335750
405115855
407110305
407410633
406110540
403520129
405220710
406420634
403430969
403330313
406515723
405430221
404310010
403610952
404115912
407110642
407257827
406710384
404115385
406260169
407257957
403115050
403335749
403210356
404415442
404510206
405115553
406310194
405210420
406115705
407736791
405710005
404415703
403410109
403530241
403330849
404335177
403210698
403520331
406120035
405526476
405425300
407310873
406410352
406725498
405425507
405736777
405120572
407520641
406510540
403420797
405410319
406335941
405410048
404260891
404425173
403630451
406430640
406120213
404415945
405526700
406725706
404120365
404425256
406530043
404410435
406430772
407210538
404620035
405310977
403710049
407410556
404725935
403110724
403335970
407425828
406320226
405115370
403410353
403210095
404310311
407110060
407220011
404220669
405430999
403610500
405125435
406620708
406710202
403260854
405320402
403430763
404220900
407220365
403320263
404610741
404125860
407420890
403330328
405210944
407320552
403330697
405120021
406220092
404125384
404526163
406520387
404620701
407520289
403310355
404210568
406520885
406710321
403736076
406630590
403510942
403210343
404620182
404515492
405210229
405510273
403335565
404736376
407330501
404425948
406736777
406257268
405220910
404510866
405710926
404315722
403610874
404425272
406710460
405125036
407210695
405425121
406110572
407520479
403260893
403257013
407415295
407725977
404425642
403515342
403235406
407330135
405725767
405526270
403310041
405530885
407725607
403120827
406515188
403257527
405310976
404526632
403710743
406220792
406335390
407736234
407125168
406630949
407110318
407736101
403115277
405260337
406425887
403526809
405520942
