8630
406430241
405515516
406420464
404410171
403515967
406515700
405415445
404260295
403210019
406210813
403710909
405125648
403510221
405610937
404260866
407315613
403420921
407430970
403315595
405220028
407420322
406260364
403315784
406125292
404520843
407115660
404110893
403310031
403320565
403220057
407115851
407515155
406510259
405235730
405315552
405257421
405260280
407520296
403330200
407425348
404220996
403530569
404736083
406330756
407120981
407235963
405330217
407320938
403620147
404515318
403235241
405510605
405515505
405115056
403710912
407515801
404430854
403315818
407610943
406620217
405530454
404210702
406610198
404120018
407235738
406210226
403310942
406220622
403220605
403425278
403530745
405320087
405526875
406257999
407110671
407736204
404210157
405526139
403210539
404520275
405330578
406310040
406235531
405630987
403125986
406110256
404220344
403220254
403115160
403425039
403320226
407530812
405120620
405420717
404410634
404120809
407415182
406410872
403210376
407510675
403610261
403520982
407515111
404510242
405520536
404120369
404526976
404120940
405725437
404510986
406515454
407210507
405520336
403210255
405515918
404115208
406315992
406335419
406115788
404125906
405530918
404235466
407510995
407115240
407520043
406335309
406430849
407520584
407235336
406620341
403610857
407110167
404415797
406420947
405235417
404610746
403330451
407120218
403610793
405630949
405235964
404515448
404515657
406420952
404125026
405410341
406430831
406610379
406235730
404315471
405425841
404710966
403430001
405515133
407110317
404235630
406425734
403610584
405420985
405125106
407520917
406425371
404210123
403515552
403220249
403520670
405526013
407110338
407335064
405330732
405430013
406630934
407725272
406725966
406260420
406110321
404630132
404420863
405420914
406315648
403110144
404220978
407630663
407415542
407425977
404410621
404425341
404335534
403725663
407610688
403725960
404526171
407335362
407430722
405210418
405526741
404125123
404530939
404115362
405736365
406315032
406620987
404410556
404710979
403425377
403260883
406410756
406415358
407210545
406260750
404315900
406315353
404415457
405410747
407710354
404210838
405515789
405220095
404315394
406110500
405210739
404115298
405620166
403610098
403115035
404515731
403725220
403630890
407420020
403710549
403526881
406315401
403115479
403115306
406630033
406330543
405420531
404310661
407415179
407257884
404310362
406125412
404220624
406610011
406410761
405526814
405725033
406710077
406425421
406520764
403210605
406410282
403610458
404736723
407415131
405526925
404725880
407315542
403257329
404315354
403420471
407425518
405610778
404530468
406630322
404425421
404736174
406320709
406115744
406330013
403610634
406526201
404335469
405315016
405610074
403725847
407630104
403330027
404610743
403515294
404520426
404530771
405620351
405520469
405410673
407220425
404415506
407260065
404260972
403120977
403115544
404110376
404320065
405260869
406630865
406710674
407125548
403335971
406315504
404725690
404235815
407610523
406110618
405257263
407310323
405410728
403620589
405530356
405515971
404235396
405125239
404425027
403235995
405257813
406515926
407410898
405526273
405210527
404120850
403510047
405510684
407610549
403110453
406430135
407310577
404610471
405415757
403257422
404330773
407620950
405120778
405425818
404510212
404310015
404630505
406115960
406610574
406425930
405725774
404415576
407110559
407260707
406520870
407510149
405125837
405510285
404110120
405415518
404515851
405115569
403320436
403235124
407335268
407610571
403330718
403610082
406515673
407125007
407320723
406515304
405410839
404725950
404220155
406110425
403235901
407515294
405630127
403335368
403510775
407710648
405710587
405420770
406257365
403257833
406610171
404515347
403335704
404530561
403420777
407120798
405115982
404315560
405630995
404425866
405330482
404710700
403420186
404725676
403220142
405530202
406320572
406310665
407725915
405235412
404410124
407710585
407235605
406210988
404515901
403330675
403257480
406725437
404120734
407330469
403260036
403120380
407736967
405526292
405125198
404520881
403320844
406335479
404530680
404520985
404526174
405125665
404610210
405210586
406520412
407510863
403220890
407620417
406410305
405520456
404710156
404257041
404115640
407125878
407430522
403515113
406120773
407315011
403120425
403736179
405520481
407315682
404260983
406260199
404220235
404725811
403510235
403736561
403335375
407430657
406620261
407520276
405620732
407110005
405220599
407420071
407510129
404510593
407220866
403330124
404430510
405330337
406630293
406320893
406430818
404630775
403526270
403210791
407320230
406110169
406310160
404530794
407260811
406530254
406510836
405330259
403115609
405210338
405335990
406425541
407526973
404610097
404410988
403620761
406110956
406610124
405335910
405526173
407115063
406120425
403425060
405425640
405335809
403515644
405725890
407115970
404257734
403415904
406235579
406410520
407610254
407115299
405210748
407315625
404630969
403410263
407510920
403425782
406725781
405125142
407220996
406410865
406115345
406310732
404530673
404630350
407235869
403410510
407515020
407526577
407736413
407526628
403330773
407210178
403530459
403725979
405235680
403335539
406620740
405420710
405320964
405120063
406320072
407710924
406335727
403310469
406320865
406415859
405526120
405425848
407115794
406526698
407330014
406410909
404210301
404520572
404710705
404110663
404260135
404330367
406330365
404120801
403510866
403630242
406725200
406510594
406260981
404235515
403415983
406210220
403257768
406725545
405430980
406630883
405425633
403515395
403430831
404315686
403115456
407260544
403320372
406115560
403210935
406610684
403526014
403415676
405610976
405530989
407335211
407310002
406235600
404110500
405260353
404120619
404120905
407220094
406526616
406620721
406415269
403125375
407120833
406235029
406610412
406410645
406235572
403110934
407420857
405630856
403530251
405630916
406335938
407510568
405310959
405335375
407420609
403725525
403710392
406710668
406125613
403425689
403115437
406620724
407510949
406257741
406330881
405220983
403220468
404425157
404630124
404415912
406260300
405630880
407520079
404510443
404120241
403430491
404415550
403260148
405526521
405335263
404515543
405115811
407520749
403710594
406320715
404415624
404425333
406620023
407420898
404425121
404410424
406235167
407710975
407260440
403320259
406120856
403710509
406630240
407115132
403115289
407125242
404410811
406425160
405125579
407235641
405210142
405736943
406520504
405520410
404260643
403125864
406415726
403235097
404736274
406620817
405125435
407630655
406410701
405425616
405510488
406315215
407725419
406415963
403330147
405335050
403510718
406335991
407210791
405620115
403260863
406120355
406235853
407510143
404425837
407630901
407736691
406710701
404110891
406110220
404310900
407430642
405710286
407320518
403515126
405520211
404425051
406710915
406415535
405257130
406220465
406315482
405530555
405610575
404430706
404260530
403430162
404220287
405415105
404515284
404620845
406335392
405125740
406620360
403425555
407610769
404415037
403110816
406315569
404736689
404710778
403630349
403430384
407335048
407315238
407526751
405220933
406630772
404257160
407320071
403620021
405630424
404425026
403630518
404120663
406330127
407526871
406526489
404530421
404120653
404410547
407257513
407430681
405125014
407260899
407210056
407315724
406630141
404320759
407515068
407110177
406335037
407125395
403526284
403710574
406115522
403210243
405630036
405235864
405610338
404320958
406320181
403310610
407210333
403110514
407410832
407257188
407630245
403515162
406630270
403415506
407110984
403125227
403315287
404630374
406530239
407530928
405310822
406620998
404710393
405260650
405125627
406315513
404320900
404330711
403630905
406530465
405510785
407235675
405210928
405725467
404430600
405330498
405330320
403315464
407515414
405260076
403430579
407115949
406115480
407526848
405510087
405520148
407320843
407120405
403630894
405320484
405220503
407725311
403125388
405530711
403510846
407310386
405210715
403515370
407515688
403736273
407125155
406425155
405320631
404335667
407710734
407515681
406515485
405315226
403526538
404430023
405210913
404257244
407736991
407736524
404115563
406235000
403320916
407257032
407425559
403110969
406210434
403310346
407310157
403515012
403330581
406235612
405260891
404420265
407125649
403630234
406630684
404235940
403510125
406260734
403510214
407335326
405630730
406210879
407320914
407260636
405510563
403110519
405210848
406736027
405530770
403335934
405710037
405330031
407257984
403736844
405235656
407115582
405736325
403515738
405315597
405530036
405257310
407610988
407430469
406257610
407115235
406526026
406630326
404110971
405330395
407115088
405260571
403335084
403110846
403515251
403410335
406526849
404620594
403630338
407526348
406415503
404335796
405410191
406210199
404257545
404335432
404315835
406425054
405415050
407510277
403320204
405257831
405420497
404235626
405220435
406335891
403630277
406335181
405526665
407125309
405425648
407120438
405520746
403630179
406610130
406315807
403110799
404125842
405410044
406620615
403220553
403610578
407220927
405120510
406115579
404530562
403620469
403420874
404725774
407335971
407430954
407736951
403736677
403610769
406526135
404515935
407710324
405260709
407736610
406235220
405110578
407335462
403530700
403210579
407530008
406260625
405410322
404725929
403410338
406330195
405725307
403620204
403335949
404115030
406330328
406510685
407257172
403115048
404430371
403330708
407710237
404710038
403510993
406725823
405530583
407610341
404425550
404420003
404736539
403320940
406415314
403120744
407520716
405310557
404320669
406410550
403115784
406125879
405530747
406410088
407420159
405630305
405526596
404257019
405520603
404257570
406320564
404260742
404510556
405410376
406110499
407115362
405736439
407425132
406420550
404510865
405725982
407515881
406320545
403725481
403320510
403420602
405115612
406420801
405110535
405736418
403530488
407620225
406710133
406520154
407220641
404630587
405330988
404220939
405725226
406610960
407710490
406630387
403425564
403235483
405430713
403725086
403515262
404115309
404335693
406415615
405320116
404430999
406235830
407210818
403515230
404520764
403110154
404410540
405235871
407710344
403220851
406510061
406120330
405526998
404420627
405310239
407725191
404725601
405520423
404220974
405710750
404425447
407725792
406736000
405515316
403220669
407120678
405430372
406115214
405510363
405125314
407420630
406120750
406725316
406710888
406725386
405520135
404125188
403315688
403257175
404736506
407110233
406410904
403125072
405120975
403120009
404330374
403510928
405320037
403120835
406120428
405315659
405120528
403725540
405235687
407125616
405630744
406115824
404520103
407520511
403410910
405125013
405420409
407710525
403315434
404520944
406315024
404320584
406315360
406710072
407260331
407320980
407410988
404330714
404220664
405725977
407510422
407120685
406330293
407736041
406335289
407260590
404420200
407610158
406120947
403125361
405725126
406620169
403620164
405725350
406430079
407120538
406515957
405610034
406420757
407125654
404430350
405515527
403430028
407330321
406620521
406515255
403630448
404330411
403530503
403425762
407220025
407210558
403110771
407310927
404310694
403210555
407120526
406257993
403320934
404510800
403510582
403710865
405260706
406526027
403335737
407310354
405120873
407310289
407530781
406530164
403530692
407335572
404320015
404725157
403510822
403120831
405620973
407125557
407330409
404260384
403530989
406220684
405526259
403420735
405515556
403330433
405710211
407260099
405257012
403260722
404415489
405526236
405736670
404235651
403510856
404320720
405526349
404320544
407510872
407520409
403510885
403736532
403430409
403415062
404330154
403410277
403430883
407220535
406725611
405510925
407520295
403220946
404315663
403415901
404530015
404526894
404110403
404125795
407630796
407425241
407410969
405220074
404335703
407120202
404430098
407725468
406210119
403125700
404725879
403210948
406125027
406725252
403430242
407526580
405120840
407620531
403510819
403310165
405736467
403110237
407125336
404330288
403610933
405630176
407736975
404420945
405710659
403235620
405320669
407110926
404410141
406420944
404520972
405335724
403425468
406120385
404235060
406515042
407320694
404210989
407510152
405736399
405515644
405430845
406620245
407410978
404410726
407520722
404210801
404410152
403610503
403110000
406220617
403410602
405210004
406515799
403257269
407310402
406425742
407315336
404315642
403520685
403725700
407736564
407610360
405260833
407115152
405530670
406220958
406320953
406415710
406530877
403410080
405315534
406630146
406330886
405415899
407210616
406257148
404235006
407430320
403420093
406330088
404125278
406210161
406420854
403430867
404335161
407330503
404210480
406710997
404320875
405310736
407120974
404526904
406515543
403115825
406310798
406115095
406420882
403220918
407530976
407257124
406520942
403530087
404410161
405210890
407725655
406310234
405415614
406235111
403220727
404210566
403235413
404710430
407320863
407320329
406420610
404620396
405110416
407530662
406410015
403425971
406530357
407220546
403235849
406530903
405725333
403420687
406510484
404120346
405335674
406120007
406610820
405110572
405415062
407530331
405235626
406620476
403315721
407260286
403425995
407420033
404315033
407620900
404430323
407415186
407335774
403610964
403425420
407120702
406115880
405630070
404510364
406430866
403235066
405220846
405526920
407725005
406620159
404320738
405125998
405320379
406736104
403526480
407530591
407620460
405210354
405736655
406415936
405330681
403115188
406310895
404330966
403425703
406310707
404415966
406630847
407710034
403330037
406120857
403257696
403710422
404315595
406425870
403515137
407515254
406425514
404415800
404410352
403110513
407260649
406420765
404320195
406315969
404510965
404320649
403235944
406526311
407430400
403257692
407320468
407210206
403415804
403120432
405125170
407110972
405710760
404630080
403310491
403425265
407260156
407320737
403530227
407335641
406736280
403610516
405526734
407330617
406335173
405510183
404335837
404415687
403335783
405430834
404115038
405630309
407335022
404736838
405330933
406330538
407530196
404430054
407736746
403425978
404736956
407420508
406520959
404515699
404520435
403630504
407410308
405330838
403420401
403710806
403620870
405520575
407320795
406510466
405310256
406220785
404415272
405110253
405520716
405257483
406110643
404235720
406415935
406520848
404710902
406710370
404530419
406125493
403335917
403257048
407320099
405120543
407526110
406335321
403425806
406235721
406110455
406260931
403115955
404125584
404530560
403620362
407420764
404410048
403115336
406335642
404115372
406235588
404115243
404420928
403310802
406125820
403115397
404320992
405520396
407320865
406115425
404710951
407315817
404420301
405260502
406330660
407415466
407110777
403335306
407335671
403257054
404736114
406530198
407220406
406330674
405310278
405725241
404530302
403110366
405530632
403510591
407220108
404260194
407415966
405630959
407235674
404120747
407710123
403420726
407420683
405515667
403257769
404235765
405120661
405115787
407330039
403430000
403335676
406610900
405430809
403125128
406220304
407335009
407110825
407736735
403260974
405736949
406320139
407115086
404320062
405410319
407330273
405530384
403510103
405710362
403310004
403110399
406125521
403210007
407515076
406315517
404260042
405120575
406210529
405520677
405335244
405526027
403420789
405415059
407235309
406330097
403526386
407725323
404330761
407725966
407310262
407115572
406736165
403315650
404630901
406260074
403610657
404120161
406520216
403310504
405515225
406526200
404430533
407120696
404430564
403430958
405725707
403530195
405110022
407725467
405530481
406710914
405526083
406620279
407210388
407125064
403310131
405220323
403630324
403515766
407220521
403125338
404630194
403115246
404415860
405210623
407330748
407515425
404530935
403430657
405315926
407115892
406610611
404710021
404260925
403725816
405235085
404315216
404736955
406335040
407120098
404257289
407320413
407610694
403620604
403710380
403515029
403410190
404520554
405736941
406335543
407415247
404110601
405620276
405630828
407125352
406125921
405210862
406220334
403610942
404710252
403610798
404420389
403235733
403530277
406420121
403310983
405430775
403610029
406430285
407320878
406725682
406526648
406515270
406260845
406415412
403425419
405610404
403315251
407510553
407235609
405725429
404630275
407310408
405335938
407257908
405257070
406515781
406620064
404235161
407310389
407710359
405260730
405315335
403315247
404115657
403520413
405330804
404710697
406515017
406630607
406120011
404115905
406330954
404330768
406320230
406526014
403110580
406210830
404430313
406725909
405260836
407610480
406315105
406410430
403125350
403115418
404610206
407515867
403430475
407410544
407425539
407630280
404710284
407315746
403260989
404430676
406235598
407320406
403320181
404710515
405630005
405210953
404235769
407315217
403425064
404235115
407335387
405610673
407710629
403310559
403415990
406620422
403115849
403725059
405335432
406736171
405115029
404410797
407630835
403257545
404115009
405530417
405710369
404320804
404710335
406257743
406220665
407530556
406736958
407520320
407610735
403120640
404115079
403725264
407515834
403520768
407235077
406420225
404515207
407315473
406520592
406610361
405310236
404530471
405410915
403210854
406220668
404520477
407620740
405120940
405515012
406610216
403125717
406420192
405510248
405110914
405425096
404620281
407520300
403510644
407210764
404410632
406125600
407210678
406310136
403725889
407515113
404425639
405320990
406725815
407220777
404620938
405330716
405260152
406425113
406620215
407530214
406510979
407330935
404235829
406420009
405620638
403530155
405526983
406260238
406125201
407510799
405620703
405510210
407510817
406710614
403510615
404260575
403330460
405115840
404315482
407620824
404257838
403420710
406425233
403315211
406510929
404515413
405310747
403410817
405515885
407526764
407315084
407210578
403310330
407510430
406725636
407430709
403415959
403315141
403520344
404630017
405210656
404610024
403310668
403320948
404410884
405630123
403120494
405610626
405315952
407315846
404515886
404420750
404515736
404710355
403115692
405410597
403335840
407235128
403620926
405526905
403335960
405110273
404335668
403725761
403220750
407430257
404310322
405526543
404110810
405430653
403425138
405725070
405220696
405620489
407310210
406257710
405430799
403110272
405330141
405520002
405515708
405410143
404220731
405260935
404530962
403526868
404725305
407125461
405210210
405530535
403515471
403335266
407526439
403510014
403235092
403220252
404526295
404520249
404310473
406235068
403220704
404410034
405330475
403520650
406210204
403335942
405310537
404410125
403210862
403125011
403520781
406530217
405120870
405630389
406710253
403736690
403257894
406520533
404257112
404515915
405330300
403425455
403530412
406335804
403330667
407235918
404320419
407220082
407610490
407220081
404220586
404335197
403125433
404220691
403630585
403220023
406310816
403610653
405210513
406410001
405526894
406420580
403736978
407410285
406410730
406515592
407220614
406310291
405257862
407315328
405736395
405315142
406315888
404736736
407260135
407410164
405530926
406120160
406725027
406330189
406610566
403710205
405430411
406725904
406210235
405526813
404260520
407425402
405125256
405415722
405620125
404520623
403530911
406725731
407125848
407210998
403415182
404510994
403235170
403630539
407220036
406510976
406415790
405630480
405420942
404520442
405235367
406315264
406515227
404610784
404235631
404515169
407335214
407430571
404115168
405526589
403120128
407620031
405710363
403110620
403235885
403430318
405610655
407510120
406526871
407610995
404220102
403210510
406257003
407210680
407620154
406125037
403420810
405620350
404260248
406520530
406736544
403710941
406710149
407115541
406415837
405110883
404410846
403710027
404415003
407115065
405610777
404710383
407210995
403115671
404120750
407515750
405620870
405430081
403420973
407110415
406260966
407425216
403320327
405430431
405315630
404425750
404330683
406515821
407315120
406110197
407125858
407526139
406315495
404736224
404610591
403235787
407320820
407710755
404330067
403610900
403330226
403120938
405330889
407520034
407415520
407115226
404330666
407320824
405725509
405210415
407330040
403725765
404115734
406257082
406420758
407235739
404530395
404335308
406257204
405415842
406736539
405630994
404415048
406115889
406515399
403120278
404410418
406310781
404260725
405710414
403520783
403335637
403630969
403120509
407710136
403330084
407725212
403110635
407115705
405320562
407315888
406415713
406210207
404425269
406310086
407610508
407515547
407210355
404736734
405320767
407415000
407725921
404736140
406710480
404260083
406620113
404335165
404415047
403210907
405510169
405425649
403410493
403260311
406410348
407425905
405210089
406125142
404510966
404235851
406520466
407610660
405115661
403335919
407320847
407530903
407335131
405210014
406110630
407220375
406710494
406257084
405210526
403335590
405260042
405515745
403315925
404257777
407125542
406630126
407310708
403315399
406330933
407515990
405330981
403335638
407510628
403515963
404610237
406125903
404415416
405710740
405235382
403526828
407125453
406420419
406526872
404420461
407110090
406725680
405530981
406210986
405110984
405235034
406260416
405310043
406120754
406115603
405620018
404330718
407220129
406725684
403526664
405315731
406315548
405120926
406120091
405620028
404125868
403610405
403315739
407520932
405210071
407515610
406330015
403410495
403235242
406120429
405415218
406115009
404410500
403320769
403320742
403630186
403710737
403526818
403330860
405430489
405125806
405210428
403430194
405620003
404520060
405725902
403415347
403520444
406125684
404710579
407220077
407520471
406725846
403510922
405260692
403310764
405710576
407725052
404520419
405335989
406125922
407430338
403515039
406420716
407530880
407510070
403610184
405515410
404120878
407736901
406260770
405415599
407430308
403257046
405235663
404710265
406420680
405335094
404315375
403335039
406115754
403260168
407330065
403115070
403425123
403115341
405260830
404510912
406425615
404415117
407410439
404430343
407410443
404610638
405610118
406610559
404526108
406110459
405610280
405235376
403110549
405736005
407610304
406335175
406515752
404630399
406320579
407320996
406320329
403330966
407257904
406210389
406515508
405610620
404315220
407115909
403330990
406320323
406415915
405257214
406526219
405630761
403220917
407125876
407410725
406335629
404125848
405425796
403260815
407425843
404510934
403530211
404526330
405110309
407235175
406530006
405320703
406257068
406620035
405736073
404335226
405520760
405220440
406710859
405710875
404410490
405630388
406710050
407125705
403420986
403530290
404515260
406315951
404520169
407630783
405335617
404420936
406725871
404260878
405515598
405315085
404710484
407520842
405330708
407410132
403320113
405110955
407330933
407725037
404220526
403120665
403310362
406125747
403210725
403125590
405510908
405415122
403120959
405520227
406526590
407335490
406315285
403610471
405725664
405620175
404110937
407110479
406110565
405710959
406736100
406410853
404520734
407610216
405257865
404335335
404630483
407620394
404415187
403510843
404110910
404260184
406425607
403530076
403620622
403510694
405610131
406235136
403415880
403526937
403330304
405330434
405630645
403315316
406515676
404736541
407335827
406420297
403235773
403310118
407115056
405530163
406235502
405415162
405315384
405310935
407335379
406510688
404430546
405420694
404335391
405220789
405425665
403515679
405115099
404310738
403630130
404430357
407520654
403220676
407335728
405210731
405710437
407420335
405335053
403736529
403620044
406420983
403530176
407410997
404430253
407335295
407330732
404220904
403120488
407125072
405710670
403110019
407515168
403235152
404310393
407710764
403515881
404510570
404420833
405220614
407510678
403630460
403420184
406315782
405530691
407415696
403736191
407415433
404220665
404530223
404115873
406335956
405260352
405710292
404220781
405120996
405420389
407425278
405520762
403420573
406620774
406630315
407220422
403630244
404235020
406235979
404530686
407415748
404425531
405430989
406115927
406125159
407320224
407235456
403257585
404330703
407125492
406430661
407725597
403315329
403520291
405620527
403210888
403530473
405736329
407315200
403235701
406610708
407510524
404120312
404630558
405520231
403736463
404260283
403620836
407710676
403235585
405515291
404320298
406235106
403110359
406425429
404510660
404520816
404260405
404310739
403115723
406526505
403620240
405110779
406330623
405120652
405335079
403110854
403510781
404410776
407530745
404110410
404120504
403220860
405110087
407235770
407420043
407320724
403510367
405220753
405710360
407330868
407526983
404520872
403125306
404315446
406725877
406510043
403725533
407530250
404315518
407736017
403110879
403257923
404120452
407630572
404630756
403526523
405630694
406260971
407630314
405115481
404335195
404310173
404125968
404315558
407630528
405530865
404315112
406115669
404630489
405257947
407620386
407315547
407410841
405420334
405115422
404510395
405526859
404526805
407510192
407520377
407710820
403530765
405330342
403320763
404415381
406430912
405420567
404120168
403430982
405330485
405710312
403430271
404115440
407330338
404415844
404430219
404520323
406736770
403725578
407220989
406320986
403420069
407310088
406330049
407235421
403320712
403315924
404120848
406220051
405420853
406420939
405125212
403335428
407736036
406115864
406320923
404520068
406235216
403530514
404125728
407330700
406520265
403330529
406315791
403520501
406420497
406260231
405210391
405310424
405210530
404330992
403120672
406315825
407260914
406110300
407257151
406260439
404530664
403630347
403526675
404257456
407335837
407710195
407120743
406610706
405125878
404425118
406235962
403520575
403630808
406115469
406515062
404515721
404330704
405530026
405115012
405110855
407620755
406315122
407420214
403115679
404530784
405430823
403725802
403235779
407315924
407260196
403235186
405315307
406736415
403110894
403610980
405520930
403315428
407260253
403335296
406257317
407235098
403120452
404710043
403630263
407220238
404510356
405430326
405320938
406526833
406736965
407235560
407510364
403425268
407210277
405410682
403736952
404110911
405510315
405620591
405630680
407515437
406235414
406315006
405530510
405210222
404526347
407220963
407610144
403335601
406257969
407210362
405425662
404235189
403420024
404110693
404736664
406620274
407410883
405530162
403315518
406610968
405530610
405257950
407520323
403257169
405415823
404510299
403257478
405526108
403320423
406620000
404415836
406125286
406425775
404115251
406335598
407220144
406420513
407120762
407260855
405736350
403526301
407710254
404620622
403710498
405425371
405526150
407310042
406710044
404315971
403526478
407510343
407335305
404420624
404520171
406335186
406620629
406257519
406257233
403220061
403520782
405220133
404530311
407430352
406515173
407335318
406620449
405310633
407115491
404310333
405530034
407335653
403257074
407257389
407610746
407210289
404510425
403430538
407410076
404220383
405520573
404210958
407115203
404115616
403510407
407510575
403125273
407320299
406620750
403410476
405235238
405235978
407220798
407510415
404120407
406257132
404220206
407110844
404315138
403315755
404260724
407330143
406710156
407315111
405510304
404630677
403115343
403410482
404736905
406610867
405510515
406320870
406257756
407736677
404415115
407620482
406125547
406120674
403710119
403220365
404120151
406257376
406425302
407320289
405235770
407520784
403330435
406510801
403410448
403530715
403736500
406415008
406430945
406125281
403430994
406526302
403315539
403335370
407515388
403210723
407430679
406125795
405120708
404610203
405420098
407620947
407710207
404260190
406620487
403320727
404257170
404415884
405115795
404630292
407620161
407425214
406520096
403630291
405125248
404260349
406315199
404510375
404526305
405710492
407610793
404725867
407310189
407620970
407530461
405125049
405257414
407630186
406510553
404320426
404330626
404420765
405330691
405320384
407120980
407115188
405430112
405430313
403736446
403610227
404235426
406710006
404257937
405736870
404235068
406510756
403415018
404736499
404335077
403530947
407115977
406335658
403110197
403710102
405630692
407515007
405335105
406430582
403526463
403425923
406410373
403415120
404725568
406520931
404526984
406736632
404210324
403310314
407530654
403725345
404220224
405115214
406335701
404425609
405335719
407260220
405526253
404315922
404220981
405310086
403260039
404115714
403335063
406320159
405620637
405420009
407736713
407260267
407710447
406310637
407320504
405425332
403330797
405410672
405410936
405510640
407725316
405526520
405210434
407425946
405320843
405235231
405736587
403220762
407330616
403110517
407125250
407610565
405315544
407530123
403520920
407260574
406610907
406330894
404736655
404125813
403120343
404315042
407260870
404415612
403425881
403520201
407610557
403210596
407330546
404335781
404315414
406115770
404320721
406335084
404430376
406725502
407630499
407725266
405526009
407320107
406620760
407125555
405430969
407410387
407120221
406120858
403710291
404420534
403410504
403425137
406260008
406315396
403315259
407736262
403610520
406620769
404610506
405526103
405430600
404315592
404610866
407736450
405510736
407430989
406410725
407260144
406520138
407710397
406235649
403120473
403125908
403125428
405315326
404736172
404710549
405530033
405415136
403120626
404320263
406736874
404235629
407125376
406257206
406330770
406736746
405220152
406210665
403260258
403736389
405110947
403120820
403235031
405235949
405320800
405736798
406610173
406520733
404420135
406530927
405510405
406415635
405115568
405710255
406415344
405710251
403320052
407736939
403420470
407210364
403415165
404235465
406410415
405125670
403235313
403110270
405430256
407425866
407110418
405515766
406210873
407310257
405257170
405330169
406257987
407310570
403260689
404425182
404257737
403710670
406620539
405510016
405110029
403315978
405125521
406310573
404335907
403260317
405210216
404110679
406520193
406526580
404120122
405526092
403425124
404515922
407620182
404320217
404420042
406120768
406115192
403610113
404220243
404530906
407115821
407260529
404736765
404526818
404425767
403425966
404630929
403610813
403257199
406310538
407736559
405235860
405620883
406315789
407420701
407510825
407410130
405120992
403410102
404125627
407260242
405526604
403260567
406310345
403520061
403610128
405610428
406120995
405210037
404110420
403520262
404515689
404335647
404220332
404210965
403620925
407235561
405310233
406110485
406115503
405430358
406320246
404710307
404335100
403736347
404410527
404620810
405335414
406110357
405235968
407510898
403257587
407736566
403630727
407710151
404220039
407257571
403610794
406725672
407725885
406320297
405335151
405125413
403736041
403415879
407110546
404257959
404725821
406210756
405330118
403335843
406125877
403725040
404125176
404710100
403710353
405315607
407725785
407415053
407120930
406425554
404125418
404235787
404210287
404630018
403120949
403310770
406410105
407620243
403430243
404210020
406526503
407430498
403410380
407115926
407725127
404315800
405335325
407610971
404320099
403526993
403620159
407620038
405330286
407520756
407410520
405315969
406115451
403425921
404425485
407420290
406526133
405736293
407335166
403315580
407260177
403530698
404210706
406725121
403520394
407725352
404335872
404510917
407115717
404320959
407515472
404235445
403430135
406315759
404120250
405330917
406610668
404110607
405330796
407736964
406736627
403425515
407260271
407125698
405315414
405620893
403330725
404415947
404115148
406510348
405125378
407630488
405520780
405315079
406125900
405630833
403120291
407610599
406220027
407510251
407310109
404725664
405260659
406526421
403330499
403610144
406420883
403235439
406520584
403610652
405526432
404315136
407710088
406610643
403610406
407420306
404257262
406315990
403220339
407620086
404115652
403420486
404425720
406120056
406530838
407220397
407515511
407526920
405115560
404610223
406115133
406115327
405620017
404736280
403315098
405430181
407115614
407330763
406330629
406257183
406736114
403235045
403125736
403260378
407120439
404257339
407610481
405115252
406420600
406630522
403315369
403257971
405310065
404310318
404220168
403210029
407425316
406335019
406310392
404610144
403220599
403710004
405310104
405710028
403510252
406710111
404520004
406610485
407425074
403310994
406530359
403125089
406710880
405115009
404526501
405120489
407220727
404115554
407415402
404610311
407415947
403335226
406630018
405330346
406610284
404125143
404210374
406430168
404257116
407725856
406330747
404425592
406630458
404510489
405736153
407420132
405620939
407125212
406725944
403315712
403430065
403310883
406510752
404620906
403630257
407415177
406120352
407330221
404410201
403320932
406710780
403530288
403526259
403260202
407257103
403257824
407610662
406630842
404220635
407335891
404310285
406110221
407526267
405220182
403530143
404526035
404725615
407335789
407725896
404220368
407725494
406235577
404310481
407260786
405725337
405526887
407526314
406257472
403120197
405125453
406710976
404526126
404515198
405320714
404257661
405510919
403420504
407210329
404210686
403515076
403260051
406330852
405420539
407710191
404510026
404610468
405260292
404725260
403530189
405115112
407530251
404315557
404115592
404430457
403725538
407320761
404320887
405725403
406526595
404736774
403257298
406220781
403515207
407425673
403630245
403520403
404257453
405725499
407736836
407335149
406425502
407210801
404736718
406315295
403630933
405620295
406430008
404620832
407110314
403315819
406710360
407320102
403425081
403310169
403420043
403210263
405515665
404415027
406120446
406257088
404515218
406410266
405120753
405710601
403335738
405315481
406430636
405330614
405510995
405330109
407510972
407410318
406530135
403210459
407620149
404430099
404515581
406520196
405725222
405420993
407510067
407120093
404520883
405415025
405115545
407220302
404520595
404725330
406235114
406120094
403120927
403520985
404530616
404620652
406425131
403526039
404630964
405736079
404725247
403430099
407520685
407220445
407330232
404260306
406310061
407630564
403415277
407115534
405115021
404320634
407260488
406425799
406430412
404335372
404310287
406526866
403425415
404515762
403620195
403420718
406530377
407710499
405620673
407120515
404410413
404220003
405515538
404220029
405415846
405430890
406125280
407320607
406220760
407515342
404510607
404335461
404235497
405220943
404415586
405526516
404315412
404530917
407315770
406220395
404526060
407257830
404415861
407330062
403526155
407710632
406330045
407430797
404310693
407235524
407510581
406420975
406620154
403530917
407415882
407630166
404260177
407530162
403520016
404260659
405235828
403220899
406526763
404310110
406110275
403526208
403115238
404315762
407526754
403257565
406260223
407630332
407530160
407320157
404330089
404260053
403115472
405630415
406710902
407415400
406415606
406610009
404320653
407630586
403710895
407210396
407125865
407320604
405110563
405335855
406315306
405125811
405110411
403415656
403425135
403420971
403257973
404330886
407420639
404530631
406630693
403520643
403220229
405335733
406335526
404220558
403420216
407110939
407120706
407315673
403210974
404235969
407335520
406515512
407315340
405425151
403610352
406410286
406710448
405725228
404310209
407330711
406530302
406620630
403620337
407125672
403710707
404120116
403425890
404425147
407520649
404320272
403315452
403260911
405110478
404515450
403736480
407630210
406330304
404420054
404315205
407520633
407410315
407410998
406235752
407120963
407610451
407620356
406510339
406315541
403410730
407420805
404620303
405115645
407526686
403110389
406410053
405736836
403425470
403430909
405510610
404610329
403610321
405610033
407630352
405310133
407725837
407710559
404510183
405110335
406125929
405710676
404210975
405510044
404210302
407115713
404430602
405725062
405510808
404610280
403515941
406520943
405260210
407260201
403736570
404510052
405330767
405315216
403125017
405510431
403110716
407335766
407725042
403310965
406220642
407510256
406725324
404430667
405115923
403520200
407220607
407330778
405315857
405530917
407530768
404410971
405620851
405320241
407220312
404335512
406515742
404725838
407235981
407520376
406710108
406510332
406320126
404530475
403125595
403420844
406335210
405510125
406120775
407220834
403620564
406520971
404235488
404115615
403115672
406610650
405620502
407425034
405630310
405510711
407430573
407530933
406125572
404115342
406260849
407420995
403510408
406520571
403620945
404510757
403425748
406310056
405257769
403257618
407260705
407420574
403235297
404430553
405335448
405235304
403420119
404520744
405235135
405320381
404335545
404260154
407425500
407335312
405330735
404620096
405425815
403260290
404520556
407220097
405335657
405510938
407257817
404520738
404320104
407415741
404725129
406220452
407515544
405120874
403725549
407510875
405420455
407310805
406520708
406710844
407115595
404310762
403120814
405526418
406320684
403260415
404420473
403420833
404620212
403125170
406210470
403120676
405725735
406530101
406330464
403425467
406120363
406220143
407410065
406257236
407526349
403257424
404125710
406736592
403110247
405710341
404515022
404415358
406110497
405620760
407520848
406425573
403710514
407115948
405320147
405320094
406125663
405120437
407320027
407430406
406520908
405610923
407210123
404610540
403220012
403210532
405320613
404330578
403510238
405710252
403330571
404335887
403335301
405115837
407520895
407260005
406425410
405610092
406425266
405620576
403520528
403257901
404725279
404736662
403736745
406110449
403526507
406235961
406515885
404425345
403425870
403736755
406315930
407620311
403315505
403235582
403630317
406320951
403710352
405430437
404415005
407515836
404710060
406110833
405610893
404110366
407610105
404335109
406620297
403520933
403630424
404520981
405736950
407430035
405425628
407320911
404510022
405520829
404335550
404620062
407515456
407110860
405120493
406630160
406110539
407235694
406310115
403430777
404235165
407515398
404530517
405410769
406125422
405526260
404335482
405526926
407315579
407530977
405260628
403410041
404515308
406260143
404710508
403520424
404310306
403410740
404120462
406120266
407330249
404620421
406515215
403257004
406220053
404620772
407220931
405320040
406610774
407320201
403260439
403520327
403430451
407725864
406330762
405515678
403415569
403425623
406710428
405410794
403630963
405415883
403725774
404725620
404520664
403257317
406315707
406260856
404430940
404736638
404520904
406620677
403620472
403310119
407115046
407335863
407115521
404526402
406110994
407526599
406415499
403257117
404530112
404110638
404335138
407120906
404220316
403115127
407115265
405620978
405310792
404710294
406335214
404125838
404520828
406415805
403420902
407120747
407430833
406530367
406210023
407520746
405257485
404260839
405410799
407110920
403725033
404315876
403257383
403430203
405510731
406526829
404115598
406630371
407410239
403310037
407710394
403725927
403125447
404736608
404315119
406630044
404235479
404526776
403115317
404420022
403510029
404530731
407335478
405530423
405630659
405420171
406235191
404420663
405610318
407335589
406335538
403260167
407530571
403736044
404530525
407320463
404630445
404125037
405220148
403110251
406220570
403530246
406530777
404115693
405115694
403330213
407736373
403710524
406120137
406425085
407115808
403430650
406710192
404110925
404310986
404410599
404736089
405510074
405210260
406610067
407125580
405725112
406110147
407335666
406415462
407630698
403415461
406630025
404725743
403630731
404530222
403610748
406320009
405415344
407320063
407530535
407220679
405610386
407526677
404125902
403725030
406310551
406410518
407710795
406257848
403425451
403430101
403420046
404610642
407110060
403220173
405235799
407725819
404520500
403415831
407335259
407415144
403125260
405330472
406330066
403410166
406210435
407425376
404320362
404310789
403235765
407410833
404125704
403515168
407630460
406125513
405510258
403430975
405515300
407530842
407526823
406220111
405725604
403620422
403515142
403610821
404526049
406320806
403310914
403425518
403210136
406510845
404630522
404235093
405710408
403610673
406510965
404120529
405630495
406260939
406260354
406425260
404220593
403320119
404125409
403510891
405315946
404510153
403736401
407610384
407420761
406610515
406330995
407610977
405430853
407530358
405425459
403725808
407530394
406115779
406115573
407736201
406420498
404430507
403410737
403257295
404257603
407315793
404125777
405620739
403630211
406415458
403420494
405335099
403110250
405125629
407425070
404526623
404257539
406630690
407315069
403420794
404125939
405260703
403260803
405120167
406110351
404330770
406425722
407415352
407210151
406520927
403725163
405710022
407120407
404415845
407315129
404510111
403526206
403330952
403520438
405425483
404526509
407220945
404425662
404120199
403410148
404125439
406235255
404315984
404330751
405120155
403420365
405335545
406610998
407330686
404235501
404125213
403515576
403320416
404425680
403410683
404125312
407120954
405115932
405210447
404520695
404125569
406120619
404520980
405630596
406425728
405320551
404510853
403520278
405610691
405630977
405410038
405315309
406420692
404515216
404630711
406260036
403125679
405315715
404220901
404120583
404315864
404725887
407335289
405430205
403335402
406330234
404315531
407420891
406530939
404330811
405110917
403610396
403320050
406320110
406520799
407736289
407430675
406526916
405330879
406610991
403510130
405125513
407315351
405235375
404425737
404110533
406320149
403420205
403425482
403220156
404526547
406620493
407610577
406210377
406620122
404410431
405415815
407320127
406620134
404115564
403610411
406120170
404110398
406410907
404335375
405736468
407515419
403220086
403425504
407725318
407320296
404630163
404120072
407235047
403430380
404710930
406526969
404610418
403526108
407315457
405420211
405510251
407335238
407257115
406620218
406110417
406330311
406257227
407115326
403515224
407310009
407530239
404415199
405110570
403310720
407420530
407515365
405110878
406526530
404415603
403420048
403120027
405310917
404420155
406510234
406425852
403736852
405410442
405630362
407115255
406710454
404430278
405610528
404630340
407520146
407610355
403530787
403430949
404220103
403430798
407125535
406710438
404315144
403210932
406235812
404530896
403526437
404725405
407430834
407220606
407415912
407120593
407235035
405330528
403335362
407510222
406125617
404526278
406520109
403257905
405725406
404520458
407415760
407257417
404610141
404630271
404630355
407620828
407610154
403530861
406430012
403425593
404425505
407110055
404115305
406610077
406725230
403710583
407510432
403520055
407120540
406620645
404335507
403315980
404430195
403120092
404630693
407725929
404125878
405520604
405630107
407235369
407260939
406736305
403736486
406415307
404630240
405620501
403520894
403220226
407520277
404610054
403520130
404220829
407220342
406257752
404415899
406520928
403610145
406220848
407335607
407515183
407330186
404710820
406415611
405410888
404425912
405415717
405725288
405510013
406335192
407110861
405520755
405115858
407725148
406620378
403415195
404710215
407515288
403310796
405210686
406410568
407260731
403510833
406110567
404110964
406410059
405210703
406220875
405710084
403120411
404515490
404415950
406515960
407530396
403530637
405257560
406425571
406257494
405220723
406430504
403330988
406257786
407115277
404257076
405115032
404260347
405330220
404315003
404220917
403520057
407257248
406110629
404335937
403530203
406235998
404415830
406620056
406410351
406425636
407725925
403115372
404210255
406315112
403515202
404620977
404420932
403520840
406710268
405115877
403220718
405335022
406510994
406235560
403335339
406320337
407710495
403710181
407620543
404260463
406420892
403410357
406425768
407415740
407315113
404410620
404210930
406260448
407520339
407420963
405530891
404620525
407310895
406520090
405210103
405310998
405110174
404430164
407425582
405425599
403315811
406220200
404736850
406530247
404310632
404257267
407125107
404330836
406425408
405257977
407235985
406120313
406736580
403320233
404335485
407220012
403260708
406120481
405430419
406520976
404425828
406420672
403125414
407520315
404335018
404220040
405530217
407736282
403520427
404736951
407610898
406430606
407736265
407515527
405510708
407425464
403425400
407220822
405330291
407530609
404320442
403310210
405610794
403110751
403260800
406710737
403725971
404320966
406235928
404710349
404420456
403415932
407510777
405425872
405410544
404320912
404425311
405115144
406115465
406320910
407235017
406410715
403430455
405310192
405610495
404315342
405315844
404110934
403526707
405510400
404515679
404210117
406115989
406725409
407510739
405520112
403515832
407630860
404415427
404610989
403260893
403620454
403220099
403530230
404630634
407115284
405510570
405220235
404520503
404415464
404335553
403515415
406610073
406425699
407430777
406220899
403415097
403515732
404257388
407257870
404125148
403725365
405220756
403610893
405110113
403736442
404510562
406736845
405330624
405420152
405110946
404235163
403430249
405710319
407335304
406520730
404736383
403110857
406110418
403520958
407530183
405220914
406235608
403335893
405310304
403520408
406620301
404415825
405736525
405235361
405530032
406620822
403510476
405310451
404315628
403315144
406115699
406736662
403115906
405526274
407736786
405320261
405526341
405725986
407220488
403410138
406415709
404320976
403725019
403710885
406315048
405620643
403610175
406526419
405620254
405320598
405330693
407736532
404630511
404115248
406415326
405510581
404510879
403530130
407125746
403320387
404330061
407210257
403620120
406125136
405125652
406310759
406425625
406710324
407515805
406260327
407260607
407320163
404120733
404430273
407420172
407725479
407430567
405425970
406235844
405125310
403320752
403415594
405310145
403526023
404257469
403430695
406725087
407220336
404420033
405310103
403330618
406260098
404410238
404610139
403257320
407710710
406320573
404110259
403410297
403710638
406330956
407210029
405736825
406210660
407330566
403335355
406710299
405530685
404526702
407630809
403315823
407425920
403210776
404510591
404260215
403526276
405710546
404310179
403260951
406420249
406320627
405220586
403725419
403330514
407630013
407725621
404110050
407415046
406510907
407420544
405610867
403110329
404410077
407425442
407520988
405310047
406410664
407220649
404510534
405235448
403415514
404310811
407415440
407515647
406620697
404320943
403620974
403736930
405330073
405520287
404420014
406530648
405520100
405520060
404725953
403410078
403515727
403335408
406315615
403710854
406235880
407630517
407257475
407725656
403257246
404520335
407425704
403260431
407710841
405530988
406526895
405257037
403510406
405530739
403315873
404257595
406410837
407235122
406120369
404736151
405110006
405257148
403515443
404320009
405520491
405415960
403530883
407610796
407430354
406260704
406425658
403736497
405530552
406120032
405710941
405315500
404620873
405310526
407415430
405725424
403515914
405515676
403736274
404115471
406526414
406335607
404125156
407510382
407610504
406210713
404260622
405320590
405110833
406335641
403430178
404725038
405736646
404420591
406110189
406115052
407710357
404410225
404310909
406315472
404335000
406335546
403515194
405310948
406125123
403710938
405310477
407430211
406510437
407115231
405430704
404335659
404220478
407110814
407125908
407510488
405315875
407610646
404425689
403115857
407415921
406520263
406260549
405620618
407515159
404257330
407510871
405725179
403235457
404520569
407515057
407710400
403520480
405420240
404320624
406530936
407415159
405260594
405125578
407510685
407320056
404736414
403235622
405310269
407430640
403120153
406120365
403420157
403115526
403425952
403125971
405410342
405257930
404420495
404430650
407515300
407220918
404610060
405736849
403320966
404526203
403420418
403526442
403610696
407220744
406320201
404510726
407257692
407515000
405335659
406125759
406220172
404430642
404210556
404510630
407115827
407526429
405420057
406620620
405430141
406515701
407125050
404620451
405335352
404260437
405260640
405115526
406430341
406610323
403310071
407260634
405235512
405620330
404320988
404526053
406320864
404310615
407320876
404425435
407310078
406335604
403115032
404210276
407257069
403430085
405330912
407260724
403260161
406530258
404710449
403315037
403110897
407125070
404620690
407725206
406710624
405335930
404620792
405335064
404610884
407736871
405410874
405210153
407530476
404257877
404335985
405260513
405320112
403120773
405510704
406320116
404420256
404315168
406220425
406420764
407115729
406630797
406235125
405235117
404330583
403630040
405510926
406335648
403620749
406220906
403315187
406315970
406725275
407710470
405257878
404315494
406410728
405260528
404530214
403425140
403125404
407260736
403210208
406210827
406257161
405257126
406425706
404510014
405330330
405330555
404335742
406610302
405736368
407430357
403620644
404725805
406330941
403515038
406425750
406320964
407415337
404520697
403725173
407430238
403235054
407415438
406725913
407235296
407330146
406210745
403210481
404120688
406510379
406425756
404710844
406736831
406520011
404210651
405125348
404736535
404257429
407510212
407310437
406736070
407310201
405736735
405710019
407425407
404710403
404710732
405515848
405710215
406120234
404260625
404260339
405125947
403610265
404120671
407620471
406630585
403420615
403315492
406415725
407220589
403620100
407526886
405630106
407415880
404425425
404610621
406725564
406510509
405260471
406120698
405315795
403430794
405610609
407736922
403515290
407220204
405320564
405415072
404320563
403420344
403415517
403335608
404420206
407736517
404630432
403257702
407260988
405510916
405335866
407736063
404630630
407725667
407620933
403520543
403526296
404330541
404610741
404210327
403257341
406430280
406315391
404530126
403115311
405630989
406725721
407526775
406520200
405257176
406725853
405310005
404530407
405710263
407260445
406120397
407260020
404335991
403310124
407430802
403530153
406330413
404515622
407220353
404235919
405515243
405420321
407260199
407620959
403410344
406257016
404310044
405310447
404125285
406725583
404630106
403235709
403520716
406526838
405430756
403725984
403530748
407235062
407335397
404220404
404260375
406410422
406530683
406125919
403630599
406210765
404120457
405420746
405430382
404620763
406220038
407515541
406257707
407115093
406736937
404235262
407430732
404425374
404310096
407736317
403260605
404610904
403220371
407420840
406115549
403725953
407220249
407610069
404630186
404520138
404210389
407620368
407520031
403415775
403520232
404630500
403425376
407510922
403710253
407710121
407510379
407320256
404510073
405710823
403620940
406235708
403420256
407115771
406415068
407725281
407515389
405710860
405120070
403125019
405235789
405420654
405725107
406610739
403410792
404320307
407710139
405520402
406425193
404120041
405310119
405610147
403710269
403630119
407410178
406620900
404330155
406725610
406710977
404526849
406120491
404120482
405320832
407515478
405630196
406630009
405736038
404725287
406515717
406115464
403110804
405257789
405210819
405430905
406430696
407515886
405736724
405125644
403410731
406115099
407410650
403235934
407425996
404520266
404515231
404530151
406515301
407420329
404430410
403736959
404515271
404320183
405410348
406315725
404736911
405425607
404410878
407425412
403520944
407526382
405125780
407630262
405257585
404520130
406530491
407736304
403710057
406110541
407515141
405125382
404320846
404736130
406110781
403630757
403120011
407736845
404510977
405260086
404530195
405257277
403125378
404526860
405110617
404320063
403526541
405736232
405260928
404425844
403620251
405315605
404710538
403736255
403315411
404515819
407235446
404610479
405530961
406235864
403257242
403115846
405630801
405530892
403257065
404110213
407335855
404330386
407530549
405335561
407115403
405610127
407425550
405320278
403235684
407410422
406257737
405530585
407310986
403320989
403710771
405420491
404520982
404335835
403330330
403736451
403520587
407315565
406120212
405530549
404610498
405115161
407320741
407520843
404235727
404430996
407430962
405315131
407410160
407420640
404515444
406257977
405420828
406320530
405520505
405315315
404210232
406520208
403520550
406425680
406425282
405520186
403620464
405610980
405257558
404120409
406115175
404220041
405235432
403125715
405220211
404610911
404330830
403415027
407515713
404425305
406510282
407710508
405530580
403320017
405610972
407526130
404110794
406220125
404120210
404610767
405125004
407520701
404110251
406315863
405515555
407425409
405736302
407630749
406526451
407530784
407115322
405526952
404620074
407710263
404210297
404125796
406526316
403630477
405125270
405110155
404530957
403260306
403710358
405515040
403520990
403260727
406526960
406420544
404260734
407526837
404530249
404515887
407315581
407125298
406330581
407736844
403526188
406260185
404710509
404430950
403630268
406410220
403220374
405610042
405125999
403315463
404125252
406515148
404430340
407110121
403220324
407710673
403110608
404515482
404510441
405610868
405710964
407526365
404425173
406235646
407260086
404260549
405425823
405425759
405530820
403330202
405257695
406310922
404710510
405410850
405430304
403330676
403110487
403425708
403520225
404320317
406235718
403620090
407310892
407125741
403210602
403610957
405310364
404335396
406520995
405257177
403425925
403257110
404330305
403710233
407125151
406260446
403725266
406257318
405120955
403710500
405610806
405330114
405430854
403530495
407510088
406410678
404310613
404430575
405710894
407515257
405710302
403315691
407420782
404115793
406110925
407725395
404120937
406610857
404335755
404520023
403530072
404330595
405125442
403425368
403330247
406420588
404115572
406425005
406310071
403420037
407330511
406725707
403510337
407725799
405725377
403530470
403330220
403610906
404510416
407110035
406710450
407530741
406260601
404510748
407220507
403515713
406220007
406115501
407430135
407315183
407425515
406320008
407310503
404120221
404110462
403725972
407610453
403335626
405736069
406410393
407210384
405260583
406610579
403115477
404425549
404630195
406630231
405220494
405630180
403310091
405725510
403125788
404736141
404610778
407620207
404220670
404736523
405420332
404515634
405335111
407425971
405310106
407115743
405110207
404210025
406125598
403630469
406220429
404330054
406210165
403515473
403335202
404510298
406415973
405520043
405320785
407520472
405320430
404420908
407335989
403210100
405425101
405415434
403315218
403115993
406257801
407125610
403620533
403510241
405330105
407630324
404320302
407526663
406515850
405125316
406120627
406420928
403610050
406415074
406335081
405710321
403315080
403420272
405220406
403620245
406425225
403725988
406120366
404260110
403320507
404125729
404610765
406620675
405510984
404125887
403410254
406420800
404420417
405710296
403630410
405315898
403526222
407235358
407510916
405310813
404610519
407736402
405120706
404410112
403710791
406425770
404210724
404115882
404515860
405335419
404410676
406415699
407110658
405630077
407736067
405110726
406330710
406420262
403710665
407235645
403425712
404330843
405210885
404235427
404510222
403610335
405410611
404520853
404515193
407120726
407110673
405620014
403610704
407530055
403235059
403110294
403235524
406315734
407120062
406235346
406425487
407260084
405526692
403110070
404425589
404310217
404125128
406330480
405620755
403430903
404430967
407410541
404725790
407736538
403420260
407630579
404257382
405526302
403415455
407315488
405335965
403520290
403257697
406220855
403520382
404725024
404315745
407315573
403425075
406320134
405430976
404120632
407725381
405410854
407520772
405420344
405526334
406235626
403330621
405257934
406330659
403310663
404410035
405115604
403115078
405335632
403725975
406710296
404320305
407235926
406710534
403257203
406310233
406315679
407315470
404526228
403530643
405425645
407115415
406520084
406235090
404425284
406110440
407736783
407115535
403736896
406530570
403530966
403425997
406410985
404526996
404315759
407620396
403257902
405257013
406330647
406235488
405736747
404330003
403420283
403410447
406125371
407115972
406510684
406120737
406260157
407235084
405410316
407530127
407526743
404210259
407420340
407210817
406235604
406220403
405410263
407115275
403120389
404510372
407630168
404320639
406257332
406430318
406210346
404110319
403630428
404310009
405520105
406430473
403415102
406420436
403320574
404510964
403110412
407260579
406530658
406736465
404115202
405220625
405260733
404510050
404630949
407220826
407736704
407415049
404425733
406725718
407260050
404410807
403530558
404235900
403620635
407235834
407315776
404220965
407620660
405530035
405620837
403610731
403315933
407420316
405520475
404320975
406526409
405210361
406420500
405620671
405430259
404620528
404520800
407610348
404415409
406330036
406520531
403125726
404425306
406260575
407630842
403425853
403620544
403725205
407415116
404520652
407257569
403530051
405630147
403120550
404425233
406420457
403420953
406125784
406620482
403220505
404420541
405526300
403430129
404310502
403530853
403320831
407710378
404310360
406725586
404260351
405725298
405235944
405320677
404415782
406425118
405530108
403315765
405315706
407125322
405710547
405725662
405260761
405526948
405120225
406630884
405526314
403425252
406736352
403710716
406310404
407526718
405257271
404430554
406510456
406425252
404260398
404330618
406315230
405330566
404220225
406425661
405610576
404315970
407110525
403410569
405310399
407110281
407410241
406115591
406210225
403420760
403110405
404330824
407630149
407315557
404310776
405725730
405736965
406430700
405415451
405320347
406415032
403330182
404220522
403610339
407415141
403430939
404725420
406620590
405115059
405220243
406125258
404235487
404220697
405125715
407235107
406526591
406530245
403120058
406110885
406610096
407125071
405220527
406125563
405235199
403235606
406235284
406330849
407725589
404315887
407260528
403520704
407110254
406520750
406620964
403320610
407257853
405335829
404630004
404425784
407120802
407630291
405725269
403515747
403115044
404260815
404315326
406520997
403110653
403110868
407515888
406315080
405257246
404725295
404515011
407120049
406330419
405515447
403320499
403330935
406420409
406530808
406110017
403235776
403430371
404415609
406210850
406410202
407515809
406620527
405510561
404410370
407120003
404120349
407520223
407710926
403430629
406115209
405310780
406315162
404630651
405125242
406515110
407510283
404520454
406736747
407220218
405410833
406530767
404415585
407320559
407415798
403725425
403315562
407415604
405315246
406315245
407220362
403520348
404630126
407257707
403620433
404420041
404415342
404115868
404620515
405530299
403120947
407515927
405510669
407410529
404725167
403420688
405510348
403510886
405125963
407736852
404510810
404410641
407257548
406630646
405315071
404410940
407315367
405330703
404425605
405330868
407630190
405330801
405736894
405620299
403526186
407415667
407610610
407125106
406335556
407320696
405425768
407410313
403120328
404725309
404630968
406530008
406335541
406125176
404736505
405125747
407530673
406610250
405210865
405736947
403515596
403736557
404620897
406110153
404736356
405710570
407526819
407257029
406430495
406257062
403430699
405530960
404530164
407520566
407430003
403430873
406330152
405260698
404610478
406725845
403315654
405620107
405320788
403610484
405320344
404315670
407315983
405260090
405335858
406220832
406410625
407110028
404736153
405725445
404257663
403520198
407335232
405257735
406410445
407425116
406630264
405510079
405220238
406630017
407220591
407120066
406520005
404330705
406620192
407710008
407510213
406210671
404430631
403515804
406220883
404320356
406736912
407120639
404410100
407115682
405260166
404610413
403415064
406120689
407420839
403125570
406235092
403425640
404260448
406115079
407260969
404425787
404320538
406320788
404115561
405235642
405510403
404120480
406115597
404630629
407620075
403410309
407330497
407125759
405330701
407115507
404520088
406630294
407425298
406260017
407710586
403620882
404257858
405430554
407115581
405420429
403420990
404335252
405310232
403530001
404630876
403260061
407620002
406610462
406725031
403420462
407520715
405520592
404420540
404330634
404260079
405315536
403710090
406430683
407120169
405120417
405515697
405310967
407125547
403315478
404620711
403125444
405210196
405526079
406220871
404725909
407630691
403736661
405235499
403630516
406220405
406630129
403725725
406530728
407620157
405610990
407120659
403257699
406736624
404210643
405335999
404630597
406210526
406520774
403335108
406120948
403510766
404257232
407310674
406315716
406430729
407620472
403630094
407710318
404630205
407510901
407610500
404520593
404235982
404310311
407125613
404410707
406630137
407630681
406620139
405736801
405630714
404725163
406725136
407110215
404515937
405257910
404410232
405335906
404710203
403526238
406235109
405420135
404310542
404235550
407610651
406315176
405530041
404235011
403415218
407736200
405425043
403257497
407260812
403335720
407710445
403260856
407257942
404115323
403220167
404410596
403330046
406115746
407510661
406620226
407115986
406530024
406310969
403630532
407120081
405235148
404210692
405125451
404530055
407530024
403620478
405310303
404630255
403320976
404335292
404526226
404510781
407210441
407515648
407410491
405335222
406630780
405710967
407420109
405410404
403526837
405420119
405510551
403330868
407210707
404430366
407515556
407530425
404220501
407115015
406415515
405257631
403257469
407310638
404310944
403725191
406125002
405620147
407630083
404510159
407310529
404235184
405335366
407210908
407110165
406120957
404415318
406430772
405320205
403120539
404210330
404310637
403410830
403610581
407120391
406115615
405510600
406710423
404220308
406410590
406430535
405520680
403725863
407510704
404260088
405415977
406210866
405110756
403125709
407110033
403220317
404510703
405425132
404415277
407115731
406510446
404260161
406315718
405410680
407410558
407420766
407260232
404526621
403257987
406115207
404125628
403115687
403420288
405410394
407725457
406310679
404630229
404725997
407235925
407620853
405515813
403530924
404425040
405110943
403515824
406220762
403736297
403120105
406510361
403410826
407425172
403110379
404410474
405415992
403430012
407725828
406210759
406115601
404515912
407257543
405235873
404410657
405520523
407530069
405530077
407425197
403120802
407610616
404410879
405310301
406235967
403410150
404620493
404415688
403120670
403210061
403120752
405410857
404210096
403410921
405520919
403335901
406335475
406420514
407420719
406520110
406610094
406335104
407120044
407420324
405260221
403257946
403620231
403120051
403260295
404620545
403115082
406125197
403610799
406526903
404515523
407430275
405410460
404120814
407630986
404110476
407630982
403725913
406725633
406210065
406315300
406620324
405220249
404115137
403420016
403260733
403736278
406235754
407260212
406710835
404335691
403125924
404425702
403610753
406530392
403510832
407335367
405510936
407610487
406430823
407510764
405425484
406510603
405725991
404120978
406235403
406530425
403510604
406610730
407610469
405310782
404420248
405330097
406725827
404330287
403257148
404260792
406530791
407315159
406257540
403630270
404315888
404310657
404330948
404630990
405120180
404335700
407630340
407430819
405410659
403110731
407630329
403410268
403410593
403520074
407430116
405425054
406620168
404526279
405220813
406220391
404420326
404320580
403515739
405520577
405410105
406110411
407235966
407330953
406330737
405260372
404120035
403410076
405210116
407415532
404260327
405220031
404320570
403430792
406410823
407260133
405736791
407115043
406220163
406526599
404510673
407526148
406320440
405260381
407310797
407235438
403120426
406235902
403120482
407320862
405630434
404310279
407515532
406610688
407415490
407725422
407260054
406320160
406510922
406515792
405630979
403430524
405520793
407430049
405120517
403710534
407510508
407425439
407510512
404315604
406425318
407320703
405120088
406330699
407115207
403125228
403210775
404430888
406530943
406620767
403610298
407520509
406320231
404425955
406310315
403526567
407430448
405120061
406335268
406220989
407220778
405520036
403420300
406115436
403510837
403335136
406425497
403430612
406520687
406620234
405430571
403315085
405736897
405315939
407430100
407125645
406410381
404526586
405420619
403410982
406335880
407335934
404320233
403620973
407120771
405610336
406320539
407736408
405510501
405125769
405510749
406310684
405310675
404510887
406410781
407310077
406257052
405235025
407220676
405630830
405526489
406120080
407415371
403725673
405520172
407235850
404620725
406620860
403620899
405310995
405510199
403430606
405725670
403526572
405120081
403526500
406710440
405125645
403630822
403630391
405115861
405410766
405410439
403310140
406115850
403725461
403736589
403620432
407530715
405520740
403235226
403530981
406510955
406415411
403415565
406125554
405257451
404320242
404335518
403710810
403530999
407520757
403120903
403315232
405115733
404315987
403430119
407257185
403630318
406415969
403120723
406115392
403220802
407210002
406235452
407630187
406526194
407257484
407260814
407330418
407425780
404710357
407630737
406415599
404420875
403120750
407115865
407335360
403410556
404736821
404515785
407510980
404425365
405330165
404620185
403520732
404235779
407510154
405335329
406257591
405210871
405220894
406235886
405515371
405257031
406736208
403420448
403330785
407125966
403235008
406725193
405220064
404510076
404710049
406526842
407110181
403210926
405510891
403415871
404430884
404736175
407420899
404725491
405210841
405630198
405315543
405335630
405610775
403115263
407410405
406115058
407115079
405220376
404620623
405125772
403430345
403725140
404235250
407736822
404530533
406210431
407510786
406220223
406320063
403320481
403520726
404630797
404115398
406335347
406515797
407235568
403510708
403125126
406120102
406125361
407510720
404235405
406115420
406120043
404310578
407110505
406335907
405410583
405430413
404335832
406410186
404120512
405520495
407415784
403235656
405420947
407210105
403736937
407520753
404110095
403257507
407736103
404725198
404335083
404260795
407310120
407430060
406520622
407510377
405520025
406315843
407115154
405526459
406310736
404620894
403310998
406410998
405630455
405257524
403620198
403235699
407257876
403235754
407515692
404415516
407260295
407526377
407415002
403526485
405425195
407120525
406415654
404125121
406620514
404515564
405315482
403530949
406710217
405510138
403260925
406425112
407310240
405425953
403736575
405220207
403630774
405526904
407257788
407115976
405515936
406530242
403120792
404415493
404410012
403725860
403335020
407725411
407260300
404235516
403526722
403620864
406620395
404125588
407220586
405410568
407320511
405125333
406257656
406415955
404725607
405736773
405410764
407315387
405420461
407736891
405330116
404520945
407415714
403410848
407710142
404526716
404630843
406420132
407410839
403315012
405415143
407425374
404330012
403210155
405630980
407115461
403526400
407520741
404620544
406610494
406260086
405235155
407235224
406235317
404210472
404710581
403620873
404110378
403510087
405425763
406257689
406530826
404210814
403620434
407725193
404115519
405330094
403257826
404260523
407530487
405425133
407610420
404260036
406330179
403120845
407526621
403315876
406510451
407736784
407220193
407630406
405425814
404520788
407120414
406425873
403520873
404260801
405610475
406415708
405330126
404120596
404430300
405520966
403335475
405530145
403125342
406330431
404725569
407630881
404510211
407260675
403330697
403115615
405630788
406526304
405335201
403430564
405120190
405110848
405310803
407120929
406335043
407630992
407115186
405736096
407310535
406510407
405415794
406425532
406260565
407330437
403335679
406120116
405410655
407220185
405530347
403235480
406520164
407420643
405335893
405210644
404630155
405425714
403415541
405410500
406630157
406330106
405630357
407220013
403220329
404310602
406315130
407515872
403320778
407526494
405210238
406115419
404630769
404220045
404110932
403125071
405330636
404725442
405420790
405315754
407125422
407125197
404725329
404120784
404710614
407310229
404420306
406520194
407315838
403526166
405430873
404320684
405260263
403415795
403520336
404515257
407430803
406315695
404110670
407620144
403510898
403510191
403257611
407430279
406260163
407260341
405510203
405330332
406736321
404315275
405410691
404420171
403320494
405725834
406410788
407235512
407120108
404630535
407610131
406120855
407430762
404210434
404620662
407315634
404725943
404257918
407330726
403425488
403515555
405315445
405410594
406710064
403120016
404630971
407210540
403420797
407515495
403330297
407430313
407310587
403610169
404110831
407335638
406330986
406425516
403410125
403725261
404315333
404210522
403610191
407320391
405630836
405430371
405210692
406220279
403610545
404630537
405530462
403335089
403235994
406110339
404315292
406515540
405610529
403220783
406530352
405510231
406315100
407210111
403330065
405520317
404530776
407125407
405420518
404420814
407410023
406710650
407335821
407610037
403125488
406320198
406330805
404520029
403630866
404330977
406257099
406736848
406410920
405120351
403710359
403526721
407520851
406330555
407320208
407260367
407530067
405415578
403335773
404260600
407235934
405335316
407725590
404630389
407526601
403257790
404210972
403620751
404235624
407530808
404425994
405335623
406510158
407220734
403530703
405530070
403420004
404520151
407620818
407530292
407620416
403120437
406235786
404120599
403510795
404630242
407320145
405515161
407120959
404210305
407260209
404520199
406530750
405526669
407110402
404120637
403315503
403220583
406260292
407260831
405736141
405220454
404630356
407110784
405425444
406425001
407120231
406610608
404120686
405425404
405235360
405235103
407315148
404420028
407410246
403115212
406530078
406620897
405415033
405220070
406257672
407415434
406526561
407320566
403110818
403430469
404115587
403425875
405210942
405210000
407415421
406257804
405620436
407710842
407220666
405235888
406310566
406415489
406725462
407710516
405110673
403415933
404710824
407330004
405115605
406330804
405315245
406630244
405315297
403420136
405425604
407710444
403110193
403315196
405425988
407235467
407125075
403210201
403520226
407125892
405620297
407235094
407515597
403420458
403115561
406415016
403610599
406725489
407257626
407310316
403235033
406220624
403260208
403710371
406310855
403425999
405235521
405515994
404410922
405330740
405725379
403320798
405220378
404526354
406630608
405425320
404630543
405620852
404510058
405410032
407610140
404425805
405210134
403630960
404710079
404610693
405320847
404257444
405315828
403610637
405310403
404710889
403235039
407257507
406260945
404260576
405330216
405410077
405620651
407415663
404415247
403260398
403110476
404315573
403425077
404410412
404725616
403220967
405725665
406410480
406530361
404736998
407335905
404310372
404410346
405220012
404260960
403630194
403736981
407420999
404335621
407257372
403520995
403620523
407510657
407725614
407330523
403235746
407120234
404630175
403235328
407530978
406120438
407260073
403530347
403320319
407510133
403526428
403430965
404430992
407515715
405710510
404315893
403725161
407710787
406115309
407330544
405260400
407425717
405320543
403320904
405335793
403257255
403415312
404257488
405335590
406710042
405310240
403515965
407315027
407520037
405120709
407410859
405115092
403530096
407620980
406257883
406415471
405515919
403710078
407235619
406425620
405520526
407335138
404120078
406520869
405257297
404330561
407315555
407210085
404710906
403125724
405120636
406515202
403520625
403610198
406425469
405710722
405260413
407120383
405425475
406530587
403120581
406260685
403610342
405630521
404630736
403520601
406520648
405610029
404736565
406430106
403610789
406736016
406610450
406110027
404220706
403736808
404110686
403526717
404520038
406235644
405510021
406736426
405520994
403235459
403115892
407420055
406420585
404335303
403115725
406260299
404315217
407110491
404335088
403510529
406420408
407235625
406530351
403425191
406120999
405115770
407320351
407710492
403335879
406125584
406520430
403520068
403335753
404210034
405330433
406425807
407420223
406420095
406210567
405335443
403430836
403310473
407736468
407125700
406630398
407235943
407415885
405110555
404210656
404530144
407430229
404520127
406115317
405425501
407410787
407330433
404260683
406610020
407515009
403510017
405110657
405710783
405526482
404120144
404220262
405257687
407710066
407515015
403430356
405220339
405425974
405315973
406736740
407725426
403510998
405210977
405526371
407736572
404110107
403257430
404330485
406736055
405260701
404725858
405110934
406610958
407520182
404120725
406430736
406315338
407415842
405515982
403320720
406315266
405630848
405220331
404430514
407610553
407410950
405415649
405520782
405630403
406620132
407630865
407235138
406510612
407515395
403420363
405125457
407526035
407620026
404220027
406515132
403120252
404420035
404210721
407410170
407520375
406210314
403530899
405110784
404520101
407410838
406725968
407710704
403725170
403610911
404410573
406425730
406520067
406610179
406257340
406220230
407710262
405260341
403710828
404425754
407430459
406210690
404420199
406115909
405330341
403315330
403415654
403725347
407210119
406530274
404257673
405220088
404736572
403610716
407425726
406415839
405510986
403257276
407530098
405630868
406420532
407260655
407210810
407320267
404710988
405515424
404110990
403310889
405725741
404120282
406310593
403115282
405257555
405620406
407235514
404410004
404515362
405610178
405736672
406125459
404520432
404310079
407630380
406315213
405430051
404420944
404310129
406210108
404257181
407220508
407125773
404515587
404125749
404125069
405620632
406620468
403260851
404120869
406526261
403210694
406420563
407526574
406110292
407420863
406430483
403530164
403220356
407415487
403425363
404310641
403210689
404257171
405420051
404420021
403235527
407725743
404725437
406530466
403710007
404260076
407515824
403725050
405260949
405410982
405120582
403420658
405315287
404320890
407515123
407425288
406710703
406310046
405710066
405425863
403725694
404526637
407210007
407725849
407115142
405420255
406235820
404120929
404710969
404530952
403310518
406120577
403220035
405260581
405710197
404115416
405425650
406510944
404510756
405330083
405110753
405620399
406220195
405530223
405410289
405310492
404526258
403210656
403115852
403210330
403210470
406330123
405335031
406420019
407420993
405320725
405210032
407630159
405257691
404430923
405210319
406260276
406530860
405520143
404235579
407315050
404610260
407430165
405125081
403725957
407725167
404736346
406510621
405425340
404410223
404330862
406260210
404235844
405115740
405520168
407125231
403430716
404515281
407630802
404115637
407260875
406425148
405520278
406530758
403510715
407320374
405725100
407330848
404210423
407520224
403520076
405430052
404736355
405526479
406315433
407235417
405430117
404736536
407430714
406620204
404260112
405335125
403330073
404110236
406430830
406420733
405526368
407620528
407736800
407526654
404260905
403335123
405620757
406415902
404257666
405610097
403120196
407520698
405425138
407125849
405530644
407330667
405257730
406515135
406420873
403335856
407526256
406310011
403330267
404235993
406115617
404415463
406526716
403210728
404530834
404530648
407210860
403610931
403335922
407710055
406710000
407410103
406515604
405520587
404335795
405510445
407736481
406410776
404510768
406430066
403235774
406515832
403330450
403510330
405220853
407420304
405257038
407125823
405410293
405260339
404725351
405515738
403510919
407736260
403620216
404220950
403115744
407125304
407110896
407320549
405736921
407315816
403510478
407320665
406510312
404310567
405257501
406125134
405526728
406320834
406125401
403125505
403630794
403520440
407110182
406315772
406630150
405315394
405526130
405260726
406510245
405210946
405315854
405630326
407520560
404260869
404415362
405330162
403120341
406235230
407260358
403510438
405115500
403220925
405220843
404120857
404515244
403515000
407320709
405610702
405315267
407710402
403335105
403320403
405530234
407330438
407515197
404330203
407425718
405620314
405220646
407736571
403410084
405110397
405520490
403260260
407220809
403520250
407530646
406125912
403530458
405330336
403235329
403736077
403430585
407530580
406420706
404110938
404420121
406620445
406510129
403515858
403530344
407320199
407425964
404235716
407620945
407410681
406220383
407120254
406110398
406110780
405420677
405630022
407415729
404425559
407415285
405310881
407110997
404110826
407425675
407420073
406430319
404310846
407125990
403210146
404736645
406330545
405520188
407710699
405610987
406260848
405630938
403260555
403335952
407220479
405425629
405210230
403260055
407115256
406530529
407526582
405510178
405220321
405235266
406115794
403610507
406310471
403320534
405110870
405310946
407320722
405620389
404330139
407530267
404410848
404115415
407420464
405310199
407430161
405210955
407320314
406120733
405425681
404415422
404125876
403530131
406410745
404120304
406520633
406630708
404526352
404415714
404710750
407510877
405430039
407260922
407210682
403430174
403530305
404725512
405526261
404620867
403330123
407610050
405235990
404330257
406425828
407526449
406335808
406420910
404610003
403610730
407260752
407320704
406725500
404425079
403315320
404610137
406110797
403736126
407125825
403526280
407260208
403220551
405410852
407610068
406610956
406710449
405420725
405710686
405630991
407610024
405235113
403510884
405425489
404725441
405430503
407425450
405410073
404710518
405510490
405620393
403410381
405120445
406210164
403260983
403330287
406736514
403257522
405415975
405410758
404420195
405125019
407425592
404235649
405220641
403610340
407630205
405120107
406520295
404220894
403710270
405520817
405235726
407520849
404630680
404520585
406710943
406515068
406725681
403515671
405235761
404610288
403515213
405420414
403210225
407526134
403610958
406115140
405320749
405410472
403410893
404530181
404725853
404415504
403510760
403235682
403110363
403315700
403330407
404257835
404526099
403315261
404710269
406425627
404330220
405520187
404120003
405420187
405415123
403125240
405235846
404220147
405115911
406115367
405235414
405115402
403315021
405115234
404257568
405526189
403430165
403420421
406315496
406125455
404410716
407335280
403620289
406110346
407515291
407125416
406610388
406220316
406310704
406330499
406530535
407235587
403425188
405410083
406310431
403257035
403330126
406210490
403315299
404410764
406725657
407530904
406515544
406235532
405410984
407736773
406630194
406220286
406257832
405420946
407530083
403335104
403425854
405725811
406410954
406510816
407115733
403425076
406420813
403210466
404620514
405125234
405257058
405725660
406235548
403515134
407630858
405510307
403315870
406510799
405310021
404736912
405110185
407235345
406515796
406520863
404515567
407125037
406410675
404710415
404120285
405235139
405725872
404710612
404415768
406530220
405115303
404526408
404725084
406725043
406120274
406310460
403710957
406335302
403526670
407530937
407430965
405125949
404420334
405415192
405220995
405415983
407520885
406330027
405315292
403530799
407315070
405430148
404530306
405335104
404420194
406620428
405610138
405630482
406515308
407526270
406610802
407415794
404335972
405725457
404510453
404510034
405257199
403235864
403610939
404220066
403425312
404526322
404630518
407115308
403210937
404260176
404330431
405235891
407736941
403515397
405620261
403210234
406630400
407725722
405526053
404530365
406110805
403330439
403335498
406620158
404125440
404526928
407520445
405736977
404415838
405420441
407515305
405630813
406420848
403115881
404430356
403330872
407515712
403415379
404335340
406115802
405110511
404120893
407260650
406530033
403510753
407415437
405210295
404710428
403257516
406415105
405220787
403710331
405620451
404125756
406530783
407320901
405530835
403320011
404420307
405220356
406520211
407725776
404260938
407415567
404610956
407710225
403410671
404610285
407120485
404310831
407526320
407526080
407220119
407410248
407210996
405630873
404710184
405420682
404725759
407110456
405220986
407425506
405310839
405330466
404630370
404330674
407210895
405620439
405610215
406335060
405260102
407220414
406515524
403526016
404115180
406736099
406110954
407430093
406620941
407520764
405710030
407335221
405520318
405257538
406520431
404420424
406335161
404520717
406125844
403515909
403430742
405125530
404120390
405257499
407220053
403510997
406115727
404510413
404410755
403335215
404410771
403315831
405710338
406520171
403520736
404315651
406620450
407736174
406120510
407420582
406630005
405710905
404320872
404415471
407220344
406610860
405120924
406120942
403330945
404515897
405425367
403235386
403520859
405260691
405220540
407710266
406210097
404610726
407315915
403235965
405520324
405330948
405610241
405320927
405725017
404610701
407736351
404420080
404410421
407630894
405115774
407725701
404220430
404630379
406425242
405620640
406515460
403526734
404320451
404125507
407620407
405115028
404210848
406510983
403115101
403420793
404610531
407725340
407520263
405335155
406725989
403320909
403620039
403620633
406630703
405220470
404415735
406736294
406410224
407257709
403736698
404257765
403410674
404420193
404415310
405110080
404430372
407315041
405430421
406530560
403330504
403310612
405510180
405410022
404125237
407530510
405420761
405530836
405120233
403520456
403310371
404115086
405515647
406430342
405310604
403235810
403630612
403125109
406110099
407125501
405120487
406510716
405620100
407335507
406115357
404736983
404530685
404420664
406315824
407125032
403420550
407415703
404257966
405725273
407260289
404520153
406220729
407235031
406725499
405260942
403210077
404520566
403410895
404220952
403257780
403410142
405610205
403725736
407620124
403526288
407420792
405120570
407260174
403736897
406510057
403736151
405335635
403210484
405710575
406120467
405315314
407210905
404520461
404526632
403515606
407530416
407335055
404710206
404520133
403220159
405736929
407220171
406315938
407320542
404420942
404620057
406510459
403315592
406725074
404115888
406415598
407420619
403415846
403710784
406630808
403515900
403125440
404335911
406120361
406330707
403120955
406425848
405210745
405260416
405526781
407220275
405410502
407320656
407510679
403330853
407315344
406120777
406315742
407526985
404115463
403530923
406115000
403310989
403526765
403260692
405725803
407315121
406310448
403510579
403257931
403235802
403335115
404526465
405510905
404125897
407410547
405410060
407415939
403530440
407530628
406530022
407125456
407120665
404320611
403310898
407235484
406257521
407520326
404510152
407425141
407710171
405515970
406425955
405725401
404526285
405430977
404515629
406610521
405315792
404725714
403430922
407410767
405220023
405410499
403115976
406260203
404257547
406630217
403110528
404125619
403725551
405515369
405210814
405235269
404710381
405410475
403410840
406335801
407125722
407257010
406430400
405515943
404610402
407235212
407630820
403530286
404257667
403125711
403510675
404315654
405430907
403630784
407315665
405710067
407415858
403125757
406410982
403515554
404610455
404415483
407220762
405530974
406725843
406320846
405410754
405257402
403610851
404235632
403125574
407710769
403110194
403330527
403520357
406520912
407425637
403235494
406220115
403310175
403725813
404410557
406125679
403515327
403510847
405510069
405520894
406330456
403235923
407115680
407257880
406220916
404257363
403235617
405310014
406725576
404630567
404515409
405415910
407430737
405420484
403110288
407526962
406115886
405115171
404610465
406736310
405425708
404710664
405610090
407310241
407515777
404330734
403526466
406610069
406510560
405310365
405320820
404115437
405620307
406630586
404120611
407120724
407530380
405115312
405260326
406110044
405220101
406120743
404526057
404430671
406330053
406420971
405530439
405415551
405725248
405420235
407235300
403515402
403510650
405526248
405115484
406410821
404260461
407120647
404335718
406630272
404210773
407310705
404510174
407315348
407310833
407526666
404125062
405736253
406320502
407520937
403420227
406725746
404257716
406510869
404320511
406420365
406220587
406526506
403410661
404415387
404410895
405330936
405520689
406125424
404410901
404110640
405630401
407610203
405310067
407235707
407630774
407725804
407220940
406736033
403125480
405125602
404420499
407526356
406335432
406515928
404315528
407235546
405257702
405315392
404220402
403710970
404415682
406330200
405610944
403310922
407610330
403530736
404515905
407125814
407125006
405210288
404520588
406115002
405210458
405257260
404110413
403115331
407515904
404520814
407725464
407510468
403520203
407125342
405330314
403415971
407620184
403610114
404330267
404330543
404320790
406610164
403320185
403510151
407710212
405420816
407260246
404520603
407725355
405320603
403310139
407330893
405630918
403315355
403330751
405430379
404526883
406510481
403310985
407210468
405115903
404425476
405315200
406320747
405115839
404415622
404320413
405210882
404430796
406710690
405620405
405610552
407235682
403210868
406115008
407310765
406410510
405335740
403330882
403415741
405725516
404125172
405110226
405430794
407520269
403260065
406310259
407520809
406210451
406610203
404220049
405235655
405515752
407320488
405330371
404520864
403530552
404320591
406710461
407220511
403257268
406510949
405420659
407410167
404510735
407260255
407235287
406530582
403515611
407526505
407710894
405526080
406610946
404330772
407415277
405520623
405210767
407335243
406710055
404430739
405725246
405320485
404415490
404520396
404526256
406515964
403520531
407315089
405235393
404630064
404610576
404710395
406520702
407330919
403320238
407220458
