91 10
60 360 16
24 96648 28
27 41310 64
10 86230 92
8 87080 28
31 1860 75
85 92225 32
81 19764 51
56 16688 14
19 85614 85
19 51490 83
80 42800 59
67 6231 72
18 6336 42
94 27636 11
91 29393 53
100 87200 52
76 46588 88
55 78485 27
7 15029 18
1 80913 55
24 55728 45
95 44175 36
51 94146 93
24 71664 97
33 15180 75
9 95382 7
25 64200 70
84 23856 70
79 91087 3
33 55506 74
8 32112 44
3 24855 11
56 6328 79
65 5915 85
43 13631 13
79 27808 26
64 39744 47
72 30672 58
75 66150 52
76 988 22
25 6575 14
96 56832 66
83 78518 52
84 80976 89
1 6650 26
67 24254 35
71 23714 26
18 63432 30
29 20503 55
43 34013 33
36 40428 14
57 27303 42
39 24024 70
20 43560 14
32 28096 31
78 37362 25
70 24990 94
62 30814 11
22 12056 25
33 62469 56
24 48 88
46 51060 55
99 36828 48
86 77916 64
95 83125 20
92 59248 73
4 16404 66
40 18280 53
14 80262 99
32 44544 83
65 79755 94
25 43450 45
84 88200 98
29 23084 70
56 95032 48
63 12222 63
9 46071 4
77 99715 16
13 36257 17
31 31403 43
63 20853 13
19 48165 8
56 52416 27
25 38275 69
55 42900 2
56 96040 6
72 12600 27
17 68850 96
91 18564 64
41 54899 85
