85 2
54 50274 32
81 83511 51
65 91715 6
39 2184 50
74 35372 34
49 14651 48
24 58368 97
35 71260 14
21 483 48
33 34452 20
42 66066 56
31 6417 51
62 4588 11
95 65550 81
27 61425 31
98 15582 100
56 18312 98
7 39438 94
94 29046 40
5 65755 11
16 68880 14
100 23000 17
69 28290 25
95 71820 56
69 71898 79
84 86940 87
61 33367 25
36 69228 26
10 64130 64
86 96578 17
16 80928 73
63 92232 94
5 84785 32
21 32004 52
37 86728 24
88 98912 28
9 15480 38
51 53346 98
86 27520 58
38 33668 33
62 75516 62
13 1885 71
26 95420 3
46 36156 65
18 36810 71
39 94224 58
25 5025 99
63 86814 54
93 81375 14
92 4508 3
84 31584 26
63 24633 43
3 45117 29
74 73334 18
27 85293 72
51 52581 98
88 42944 12
39 5772 80
80 92640 25
44 6028 62
95 67450 90
5 89870 42
95 49875 68
60 96540 31
31 64542 50
61 77287 2
23 29256 67
90 990 54
48 11280 79
63 11088 58
74 96348 73
37 96052 14
67 45828 65
80 67200 56
82 79540 26
27 70929 36
37 9546 99
93 29016 82
83 67811 7
25 65950 14
82 99466 57
5 28830 5
2 2496 90
85 64260 55
11 51161 50
