49 1
56 18760 45
34 98192 89
68 88060 90
65 19890 4
47 42770 53
24 28056 59
100 67200 5
58 71108 92
8 27376 88
100 37100 56
21 76293 52
88 42592 88
18 60552 45
31 98208 63
75 60075 38
92 9384 96
56 45304 50
36 57456 46
46 55384 57
83 53618 87
60 11280 6
1 91179 76
19 97489 18
74 28786 43
6 44088 44
59 41949 99
66 19668 36
89 78231 92
58 62872 14
17 58395 31
28 95200 13
12 82800 25
41 33087 37
28 67228 60
89 79566 7
93 56823 22
92 82708 92
56 14280 80
72 24840 49
74 64898 92
89 87220 86
62 77996 98
3 56355 36
89 89979 6
98 47334 98
52 29536 88
10 89660 81
45 67185 71
11 90233 62
