58 8
78 61854 23
72 91368 53
34 9214 98
25 52150 77
14 49546 16
38 31882 6
77 44121 14
49 17199 63
76 24776 21
51 54927 30
23 16974 34
82 20582 44
43 17329 89
9 28665 14
99 92367 29
25 62550 63
98 29106 7
79 55774 86
37 83694 52
65 56030 60
85 34000 9
81 86103 36
46 54970 45
73 35989 91
14 3290 54
91 99099 15
70 67200 63
45 84195 39
89 55269 24
59 17464 90
78 82056 46
100 70100 20
35 97615 19
87 50547 10
72 1656 95
57 62814 92
5 68920 37
8 25136 76
33 59664 1
18 24120 47
93 52731 46
54 58806 100
55 93610 86
19 12977 85
53 51463 64
97 43359 18
69 65619 2
74 70448 58
61 47031 62
20 11020 73
3 86688 94
97 38606 96
84 64680 90
70 15050 35
27 15903 50
35 8085 91
100 75300 53
65 50570 45
