99 9
81 67635 21
51 87720 79
63 93303 65
15 28110 26
92 23828 21
80 4160 1
45 45990 95
40 32920 77
2 30592 4
46 18308 99
64 24768 39
88 25432 3
70 86800 26
44 56672 9
67 35845 78
77 15323 60
53 89835 76
100 55400 51
99 39303 22
65 60320 73
11 18909 62
29 77575 46
58 6554 99
77 9317 84
12 42936 26
83 86901 42
26 15704 76
70 18410 24
14 1568 15
15 43080 59
22 55946 51
88 96976 43
10 29990 6
67 9916 59
75 69750 27
71 23501 34
79 52693 51
31 75330 58
45 79065 83
61 6771 75
73 9417 2
56 54040 75
11 87956 33
55 7095 15
58 14094 95
13 20878 59
17 5508 28
9 48924 49
63 57078 67
60 73560 86
90 39600 15
42 48594 20
82 37966 99
64 4928 19
51 84762 93
29 35699 90
96 74016 87
7 16198 38
14 95270 41
32 53824 17
55 98065 60
35 12215 98
94 30738 8
5 51735 78
98 72912 62
11 58179 54
47 40467 85
3 54264 75
51 46767 62
59 68558 81
73 78110 37
61 8052 35
11 57717 54
71 39760 8
53 55862 9
71 87898 15
78 54288 93
48 73920 46
69 55269 36
59 2301 29
70 4480 72
43 6321 55
4 9628 85
58 45298 50
3 90009 72
30 58500 7
75 40050 24
38 82232 29
78 37518 2
32 44288 65
99 84150 63
66 73458 28
99 30987 63
31 32488 6
94 61194 78
23 9200 88
15 96915 62
32 69920 1
65 13585 36
