90 3
71 95282 77
66 25212 11
34 62118 63
29 34800 93
87 57768 92
10 62840 9
56 67312 57
41 58220 25
79 52140 12
15 16890 82
53 95453 31
17 62543 38
25 92275 2
69 95289 74
55 29480 86
56 21840 76
24 36384 71
61 26901 22
25 8525 3
94 53580 37
11 5687 95
46 91218 52
60 9120 42
79 89270 78
100 55000 59
72 24768 38
73 21535 28
36 3996 52
32 16224 66
39 59436 8
88 74272 45
97 83420 77
79 43292 26
76 3496 52
81 35802 4
8 13336 94
66 17028 59
20 33100 50
2 20470 7
79 53878 12
89 45835 100
86 9632 8
44 20636 40
39 84591 92
44 85712 72
49 11760 51
5 33580 74
47 73038 39
30 99480 37
37 85174 41
17 61948 11
56 41944 66
44 8536 85
55 37180 11
70 2380 67
74 56462 21
72 42480 13
10 11040 74
25 54150 21
28 51688 68
60 60720 27
91 45955 1
56 76440 89
90 56520 65
9 85005 73
25 96250 85
24 90240 5
63 44478 9
55 79200 6
8 88376 21
22 93676 5
5 95900 88
53 38531 74
74 41440 89
99 33957 48
88 88264 27
22 93698 78
7 77126 49
82 94956 66
64 56192 6
24 45720 35
72 26784 89
15 44910 98
29 22794 86
98 5096 50
79 25359 18
30 1170 21
93 76260 40
51 15555 30
21 65604 81
