77 6
30 17010 87
87 64032 71
8 97056 44
91 87997 99
76 14516 100
6 4212 99
75 62775 29
78 75738 17
48 87936 36
40 31280 1
59 24131 61
97 47918 24
19 87096 54
20 84980 21
4 2340 32
85 67915 6
79 57354 35
18 14220 49
14 9674 39
3 95688 31
44 79464 76
21 48468 90
53 10123 28
19 38057 97
36 21924 78
39 5109 79
35 16310 97
58 71166 2
20 37420 87
18 54 89
36 50796 10
37 24087 40
94 23688 78
95 11590 35
3 39087 7
96 34848 9
46 27416 15
90 540 34
4 46636 97
60 34080 42
97 5529 83
7 15610 22
99 34947 4
90 32580 67
96 90816 56
80 16800 58
36 9972 9
7 88298 76
90 14940 58
75 48900 95
43 52546 44
80 44400 17
65 8905 84
9 44361 77
80 48480 16
17 47209 10
24 87696 3
49 98637 42
54 60966 38
36 53424 42
36 6624 59
75 64350 37
96 87168 59
99 90882 33
11 63723 98
30 60240 75
87 97266 20
37 70855 39
61 30378 88
43 34873 92
79 11692 27
79 25280 72
77 31031 7
70 15190 24
18 77832 1
14 17024 32
51 86802 82
