100 10
63 38241 67
94 40608 56
85 28645 11
5 46355 72
27 1080 98
22 49830 77
60 57960 2
72 99288 13
86 18146 82
100 38300 19
17 2261 59
1 21085 46
64 42048 64
8 96608 88
60 11340 74
29 26419 46
96 91488 82
33 462 61
52 41912 75
85 28900 77
13 403 7
92 40296 19
46 96784 44
56 2576 79
1 11809 46
28 98588 46
88 28160 56
52 19968 64
3 10200 65
27 90801 60
10 67590 36
46 6440 68
12 86628 73
53 56657 99
40 20560 50
28 83188 19
11 99572 36
42 54516 79
40 64120 88
63 42966 63
60 59220 94
20 32420 42
44 32032 60
65 88660 39
6 62124 38
78 18174 49
79 96775 85
65 30030 87
72 84960 98
56 94584 13
55 12540 91
20 74920 91
63 77868 4
1 57814 25
11 84931 44
53 11236 97
94 27636 14
60 36540 51
53 27507 8
3 72399 44
5 26610 48
99 87615 54
50 90850 97
16 24656 92
20 13500 95
35 45605 26
78 40014 45
15 25260 41
33 40953 49
25 21800 17
55 30525 6
97 29682 6
6 89538 18
85 62390 93
1 24111 3
92 43608 30
72 70272 87
71 98690 71
68 69768 71
12 15576 10
16 56416 77
13 74282 82
21 28287 96
30 17760 35
14 82446 5
40 74160 5
43 2408 55
80 65840 98
80 15440 18
72 36504 48
40 84760 61
26 96018 74
8 95048 61
15 70935 65
2 60958 68
36 25920 40
85 91460 32
79 79790 49
9 39924 91
60 2580 10
