10 10 190
18 5
18 1
12 2
7 16
13 1
15 0
0 14
16 3
13 3
5 12
7 5
13 15
19 3
14 11
8 15
8 9
10 19
18 0
1 7
10 15
8 0
4 7
1 2
11 8
12 13
9 14
9 2
3 18
14 10
15 19
3 11
8 7
17 4
0 10
15 4
15 7
8 17
7 10
14 16
1 11
12 19
16 6
9 7
17 18
13 5
17 1
9 16
6 18
10 1
16 17
2 11
9 1
12 4
6 17
5 2
19 6
10 17
3 4
2 13
8 6
6 15
2 4
1 0
13 11
3 6
13 17
18 9
0 11
19 2
19 5
3 2
17 2
1 3
2 8
9 0
16 0
10 11
17 15
0 3
16 8
15 18
15 12
15 3
14 17
6 14
12 14
18 7
12 1
12 16
7 19
9 13
2 16
6 11
5 3
9 5
10 12
6 4
12 0
9 10
0 19
13 7
19 1
4 0
9 11
2 0
5 17
12 7
12 3
17 0
4 19
15 9
19 8
18 10
14 15
2 18
2 10
16 4
10 3
3 17
12 11
14 5
4 13
5 0
11 4
18 19
13 10
19 14
7 3
13 16
1 16
18 13
1 5
10 5
16 10
12 18
4 8
19 16
11 18
14 2
15 2
19 17
19 13
5 16
7 14
8 10
17 12
6 9
6 12
7 0
9 17
4 14
9 4
2 7
13 8
14 3
14 8
5 4
12 8
16 18
8 18
7 6
1 4
6 2
10 6
11 19
8 1
5 6
7 11
17 7
11 16
13 0
5 15
15 11
14 18
17 11
8 5
16 15
1 15
13 14
8 3
4 10
6 1
13 6
12 9
14 1
5 11
0 6
9 19
18 4
3 9
15 -1 -1 16 17 -1 -1 -1 -1 -1 
