11 39 699
6 26
1 29
41 35
36 20
34 9
20 41
28 3
14 17
46 3
23 5
15 4
43 33
25 8
26 16
29 44
2 9
0 45
45 8
7 30
25 18
13 17
13 19
49 31
29 33
23 31
20 40
26 0
11 16
14 36
30 4
36 10
42 33
42 19
4 13
47 6
25 7
48 34
17 15
8 33
3 38
14 39
43 16
14 21
20 7
42 26
28 1
46 27
45 7
13 21
38 39
6 33
1 43
48 22
16 9
19 28
37 13
21 23
18 29
18 24
23 12
7 27
2 34
2 28
9 13
10 2
32 15
27 3
16 5
46 20
4 49
26 40
3 6
44 35
20 0
34 33
14 16
16 8
20 6
39 25
22 7
23 7
18 45
30 8
17 35
4 47
48 36
36 43
7 8
17 45
26 7
24 45
4 3
48 0
47 37
39 31
32 3
9 29
40 30
48 30
18 1
31 35
4 35
1 17
11 32
45 28
42 0
19 46
49 0
10 35
37 22
5 35
35 12
33 47
17 19
19 20
25 28
47 9
3 0
36 12
42 44
49 9
43 46
43 22
48 4
28 43
32 17
40 11
48 33
33 39
9 35
9 19
41 26
2 14
13 42
43 44
5 4
21 31
48 9
6 9
46 35
49 27
9 20
31 8
18 39
45 49
34 1
32 35
26 22
47 17
2 11
4 27
30 24
7 1
2 19
4 20
19 8
31 24
18 3
11 1
41 29
11 10
26 20
35 6
8 29
13 32
39 47
4 38
11 29
27 36
2 46
47 35
27 47
46 8
7 40
31 4
14 38
46 25
23 3
2 48
41 11
18 4
2 12
24 27
8 48
40 6
16 3
1 0
22 11
24 41
38 48
15 25
44 23
21 7
41 9
48 42
20 37
1 40
30 5
36 7
25 13
19 0
43 15
26 11
39 32
29 34
7 19
1 14
37 32
9 30
28 41
39 16
18 40
21 30
25 23
47 45
47 49
31 1
20 27
14 4
41 37
38 18
11 21
21 48
40 48
49 3
35 23
43 2
23 10
32 20
34 40
11 28
16 32
24 14
7 44
14 45
21 27
39 6
43 23
0 41
36 37
16 42
30 45
45 46
18 5
49 21
4 17
23 18
37 17
27 11
6 36
28 38
29 47
19 25
5 8
26 19
9 11
0 33
26 23
48 41
48 47
25 31
49 7
27 1
5 49
20 24
39 9
46 1
49 29
33 15
22 1
39 5
28 26
31 10
9 17
39 45
36 9
19 22
2 6
16 49
20 21
12 0
41 18
17 20
46 41
47 38
3 39
46 17
11 42
7 9
17 5
21 35
44 39
47 18
29 0
42 15
4 23
19 30
5 12
33 21
12 44
44 25
40 46
16 25
26 15
46 37
28 10
13 46
28 47
8 14
12 4
20 23
0 27
10 6
43 34
39 27
11 3
2 18
28 7
1 32
32 28
43 26
12 15
24 7
49 33
38 12
42 14
7 34
26 35
30 34
1 49
12 17
42 36
19 49
0 38
29 23
23 19
18 43
5 31
28 23
23 37
20 28
21 24
16 45
19 29
24 33
15 9
2 44
27 32
28 31
6 18
35 8
35 49
35 33
32 10
16 12
10 41
27 33
2 36
41 6
42 49
17 38
27 37
43 35
37 12
4 10
8 28
38 27
23 17
23 41
20 3
33 13
45 2
3 14
25 12
49 26
17 0
1 41
46 4
10 22
44 33
42 46
8 11
32 23
31 47
42 38
0 18
35 18
44 3
15 28
40 33
3 8
44 4
14 0
0 40
43 48
18 30
23 22
6 25
48 7
34 13
48 37
0 9
32 29
39 15
22 30
44 21
1 15
38 30
13 23
25 20
20 42
0 43
22 2
3 21
7 0
12 11
26 5
47 21
28 13
5 9
30 44
26 36
12 3
2 17
33 45
16 46
15 13
11 4
20 1
30 10
18 48
13 39
8 22
6 27
10 13
36 11
38 15
13 36
0 2
22 16
44 22
37 29
32 6
15 10
14 29
10 40
15 3
27 41
40 49
45 23
43 37
30 11
2 13
47 34
42 30
12 41
23 49
0 13
30 1
1 37
8 49
35 45
34 23
41 45
33 31
25 2
41 42
21 16
35 40
10 46
45 11
22 49
38 33
47 46
8 12
15 49
23 15
17 25
28 33
49 39
5 22
22 36
30 27
35 39
0 23
26 4
36 5
8 24
37 35
26 30
44 10
30 6
2 33
34 36
38 32
46 18
35 20
38 29
45 38
22 29
34 25
0 34
7 5
32 26
15 29
17 44
30 23
21 6
9 18
21 28
32 8
38 23
22 3
34 5
21 40
18 19
16 30
25 41
44 41
33 7
27 45
4 43
32 41
1 6
47 2
40 41
11 25
44 48
39 4
16 28
23 39
15 16
31 40
7 29
2 5
12 49
40 8
12 24
22 6
44 45
23 8
48 35
40 44
26 1
9 28
49 13
34 45
33 36
35 38
14 41
31 11
46 26
25 35
34 16
20 18
26 33
19 5
11 47
14 31
18 44
48 11
19 3
25 3
20 11
32 36
38 34
17 42
37 42
3 26
29 42
47 44
24 22
27 5
48 19
47 43
49 24
0 46
24 32
26 8
17 21
45 13
28 12
40 4
36 28
37 3
43 20
47 30
0 10
10 17
10 3
36 15
42 23
44 36
13 38
23 9
8 38
21 43
31 43
37 10
24 10
22 27
21 19
19 45
38 22
7 12
44 16
22 40
8 39
20 39
21 0
33 32
13 18
39 36
27 48
12 33
32 5
10 25
42 43
24 25
24 40
28 35
44 49
22 17
31 15
20 10
9 12
30 0
11 6
42 12
42 25
17 18
34 12
25 21
31 29
2 20
25 0
25 26
38 1
10 47
4 2
27 18
2 29
42 10
34 10
45 6
11 37
10 45
32 7
6 24
38 6
1 48
18 14
15 47
45 3
17 26
32 9
31 44
36 25
29 21
8 6
23 46
13 14
22 13
19 36
4 21
1 33
37 9
20 45
44 24
7 14
10 18
40 37
40 29
39 10
9 14
49 38
24 29
24 43
18 49
30 3
24 3
43 12
33 22
23 6
2 41
17 24
37 5
4 19
28 27
46 7
31 36
29 30
21 46
35 2
9 27
34 20
32 47
9 46
27 31
-1 33 49 15 23 27 13 11 -1 22 41 
