10 40 885
20 42
26 44
47 1
38 23
23 14
36 18
12 3
7 6
31 26
24 12
5 34
1 28
48 18
11 14
11 43
4 15
26 30
14 21
47 5
35 20
46 11
21 12
49 4
38 10
25 4
27 4
25 40
45 17
13 1
8 2
34 20
9 37
14 44
9 48
16 42
49 2
6 0
32 21
12 31
25 26
30 20
10 37
48 1
36 23
15 18
32 22
39 12
31 34
15 40
19 14
7 2
26 21
28 15
1 32
10 15
37 25
35 18
43 18
1 16
29 15
44 15
43 20
0 5
31 7
49 17
39 27
4 35
12 48
11 18
45 19
48 32
10 45
14 35
30 46
5 31
8 4
45 14
11 13
33 42
28 41
40 37
5 16
43 6
40 36
44 38
37 5
24 49
1 30
39 15
30 8
12 9
44 30
36 17
22 15
42 39
6 18
18 22
48 41
22 27
44 40
20 18
7 44
4 21
39 0
13 8
3 30
19 7
49 41
8 41
18 25
2 18
4 19
26 0
26 46
35 17
34 22
47 38
36 22
49 37
26 36
10 16
25 13
24 16
42 10
10 49
15 41
41 23
20 37
21 6
37 47
10 39
48 27
23 17
45 35
21 35
9 21
4 11
22 30
18 3
15 21
13 36
12 40
9 26
33 37
12 8
22 40
41 29
0 30
34 47
41 10
14 5
16 23
24 47
47 43
14 10
1 12
23 30
38 37
1 0
11 34
31 9
38 6
33 36
31 13
40 3
1 7
9 20
39 43
30 47
7 34
8 10
37 6
25 16
47 21
28 40
27 9
27 13
47 41
31 47
3 2
44 0
33 46
20 3
16 41
8 16
34 3
10 27
13 44
7 24
30 21
8 48
0 31
46 35
1 2
1 42
9 36
8 35
10 6
12 27
32 46
27 46
34 12
28 6
39 11
48 49
27 2
32 42
32 26
30 16
23 47
7 46
20 39
6 39
26 7
0 4
6 44
25 17
30 27
11 38
20 47
0 25
26 38
41 21
27 25
13 34
49 11
13 32
42 45
16 0
14 28
20 36
43 14
42 7
2 26
4 38
38 25
2 25
35 32
28 3
37 45
12 11
15 30
29 9
48 22
13 33
38 5
21 2
42 6
41 37
22 28
12 17
17 14
28 30
38 19
46 38
31 35
10 36
22 14
43 31
16 47
28 37
47 4
0 17
28 42
5 43
46 34
2 4
1 6
15 36
3 26
31 4
34 28
15 7
32 43
17 20
44 39
0 49
13 3
12 7
28 11
31 6
3 15
40 5
15 24
36 47
19 27
47 27
39 38
32 28
49 1
17 34
39 48
21 25
27 23
23 0
35 1
10 29
22 49
11 22
23 6
8 46
12 41
20 16
22 39
39 33
21 46
21 7
5 48
7 48
28 49
3 16
44 37
49 19
27 44
37 31
20 33
39 34
14 49
46 5
4 41
19 23
33 4
34 29
47 14
3 27
1 29
18 42
27 36
41 14
9 11
10 32
30 17
2 33
25 19
6 15
39 35
29 12
41 34
19 40
39 26
12 36
6 4
29 48
47 44
1 41
38 17
7 22
28 16
31 11
9 38
30 14
1 38
40 35
46 31
25 30
9 13
1 39
7 16
37 15
2 10
16 40
18 28
40 6
8 33
23 28
7 18
48 2
10 25
46 23
17 44
47 48
6 33
7 40
35 28
21 43
14 4
31 40
36 44
32 38
0 7
33 17
1 4
6 2
35 22
34 21
43 48
16 6
34 30
1 45
44 35
28 36
31 36
11 17
31 30
37 46
49 16
25 42
38 49
20 10
22 19
23 4
21 23
37 0
3 8
40 11
8 19
38 31
39 21
40 48
11 47
10 22
48 14
39 23
49 5
0 12
42 26
9 41
33 22
47 10
16 19
48 34
31 20
4 37
33 25
22 29
29 8
24 13
23 9
5 30
21 18
35 23
11 25
32 45
8 23
48 42
35 5
13 14
41 3
24 39
46 40
18 23
24 32
46 6
49 42
36 30
24 31
31 42
34 2
0 14
25 39
49 15
26 10
2 9
30 9
35 15
5 7
47 3
2 38
46 47
41 2
45 23
49 40
30 40
18 0
18 12
42 5
24 34
40 24
43 41
40 10
45 47
27 43
16 45
35 29
36 46
28 17
2 14
18 1
3 7
36 38
36 24
37 1
8 0
34 38
1 17
16 4
34 43
0 43
41 35
37 13
17 29
1 33
35 12
39 5
9 16
5 6
23 34
36 7
28 48
33 16
36 14
13 46
6 35
49 13
3 44
6 19
6 32
25 20
7 49
20 32
14 6
41 39
43 40
20 45
25 12
14 29
36 42
32 17
0 32
19 20
25 34
21 17
49 31
14 27
22 2
42 41
42 40
25 7
49 8
19 18
26 22
23 29
9 14
24 1
32 23
26 41
17 26
37 17
11 8
3 45
28 31
46 41
45 38
46 19
35 36
46 12
12 38
2 19
49 39
30 48
31 25
45 27
4 45
28 21
24 17
24 8
1 23
34 36
45 6
44 22
34 6
44 41
26 49
9 43
38 15
26 28
8 14
45 9
44 11
15 47
24 23
19 44
38 35
44 34
44 29
33 7
45 49
25 1
46 42
21 45
47 0
9 1
27 26
5 18
31 18
36 6
14 46
3 22
8 28
34 8
22 0
0 45
14 40
42 38
13 48
5 23
41 45
46 1
18 17
15 31
32 5
25 9
40 21
32 37
12 33
3 35
4 32
37 7
4 3
30 12
26 11
3 17
16 21
38 0
6 30
43 44
28 20
21 22
23 26
27 33
20 12
34 37
26 16
48 23
33 10
24 3
35 10
5 12
49 9
34 19
17 2
17 8
16 11
29 5
21 37
44 45
9 39
44 32
31 14
31 44
20 0
26 43
12 10
9 34
29 24
11 30
5 26
45 43
22 47
9 10
25 22
34 18
27 16
21 42
9 5
23 37
21 31
14 32
25 32
26 1
17 39
8 36
28 5
6 29
22 8
29 39
19 21
12 13
7 35
24 6
44 2
4 34
48 3
10 44
7 47
29 11
26 6
3 9
10 13
46 20
13 2
39 30
48 26
48 21
20 14
41 30
17 47
45 8
10 19
49 47
23 22
26 18
13 29
27 35
38 20
32 19
23 42
43 36
41 11
19 36
44 48
20 22
10 31
10 3
5 36
45 29
43 25
44 5
7 41
41 22
29 49
5 15
46 39
27 32
40 26
4 43
12 2
48 33
35 43
12 14
18 13
29 20
4 12
15 1
40 0
12 44
19 43
0 27
7 28
37 24
36 16
24 27
16 31
48 45
17 40
31 29
24 45
20 24
42 11
30 18
8 40
11 19
20 48
38 41
23 33
39 28
8 26
24 44
16 35
35 13
33 14
45 18
13 0
19 28
14 7
41 27
8 1
20 2
26 37
18 46
9 42
47 26
42 2
2 39
4 40
40 1
8 32
13 15
11 32
13 21
46 3
11 10
4 22
19 12
21 27
12 47
18 33
13 39
30 49
0 33
3 49
9 7
9 24
35 48
21 0
23 13
21 29
23 7
38 21
14 1
32 41
45 11
26 29
30 35
36 25
15 33
31 23
33 19
3 11
18 38
32 39
35 49
3 33
12 26
21 11
7 30
26 14
40 41
35 2
27 8
16 48
2 40
41 31
8 7
32 15
9 8
6 41
34 16
42 22
2 36
15 23
13 40
33 30
28 9
23 2
3 1
5 8
30 29
7 29
35 42
43 23
0 36
25 35
30 43
28 27
48 17
15 14
43 33
34 1
29 27
24 42
32 2
18 40
46 16
17 19
44 23
33 21
43 46
28 45
13 5
19 39
8 39
44 16
30 32
17 7
44 1
12 16
8 31
32 40
42 29
1 21
26 24
11 27
25 6
33 31
35 33
18 39
42 12
16 39
17 9
4 5
3 14
43 2
37 19
0 48
42 8
19 42
35 19
46 24
49 34
4 20
43 37
0 34
6 8
16 32
44 47 20 34 12 49 23 46 29 17 
