25 25 512
20 2
9 33
27 7
27 41
32 13
32 2
34 23
49 43
15 16
43 27
29 46
19 22
12 9
25 45
10 47
26 47
19 44
0 29
10 14
47 25
1 40
6 27
40 34
47 18
13 23
39 30
12 43
43 17
20 40
6 17
6 29
10 49
41 5
25 44
40 30
41 1
10 13
25 15
0 11
29 19
4 3
32 44
9 7
7 21
31 30
13 1
18 25
8 12
24 29
42 15
41 35
20 7
35 37
46 13
33 20
16 28
41 16
27 11
39 8
37 25
31 14
0 9
12 25
30 7
33 14
43 45
9 47
39 29
14 17
10 17
37 38
28 43
41 46
24 6
24 16
49 38
2 48
8 44
33 41
47 14
8 45
43 32
22 42
32 7
15 2
38 28
11 32
23 18
36 2
9 19
33 3
35 10
41 4
11 9
38 2
26 37
37 21
11 7
13 6
0 18
7 1
46 48
12 24
33 47
27 47
38 8
24 1
43 16
0 39
0 8
6 7
13 11
19 47
21 44
18 20
3 37
32 47
26 35
28 39
42 5
22 38
11 31
21 34
49 36
18 12
32 34
19 1
40 11
29 13
11 19
44 24
48 17
47 29
40 35
43 44
13 36
16 23
35 20
22 30
18 30
45 12
27 13
33 10
36 1
2 12
42 30
10 27
29 18
14 42
40 24
21 40
44 41
26 25
3 40
24 34
43 33
38 19
28 15
38 15
33 26
44 48
38 30
32 30
37 42
8 28
19 49
5 37
46 3
10 41
4 17
3 39
24 14
29 17
38 12
30 35
15 24
21 26
13 47
28 14
22 27
0 38
13 18
27 38
32 21
43 29
4 42
16 29
15 37
19 23
13 9
41 34
31 45
8 24
4 22
16 12
28 35
12 37
24 5
30 8
2 33
5 25
11 33
0 40
34 48
19 33
38 23
1 27
41 8
32 49
9 26
0 20
7 3
31 2
49 15
18 4
45 39
27 14
19 25
48 25
33 7
49 40
7 37
33 46
22 0
36 6
3 49
30 28
21 15
40 18
2 21
11 36
43 13
4 33
45 5
16 30
24 36
37 22
43 4
17 42
14 8
17 45
32 8
38 11
46 19
5 44
47 43
45 46
45 30
47 49
49 31
31 16
33 25
42 47
42 21
8 29
18 16
8 36
37 8
1 14
41 47
20 41
37 17
12 30
25 0
32 25
10 40
47 34
21 43
36 9
10 39
33 0
28 10
2 19
46 31
41 23
26 20
22 40
28 49
6 33
18 45
6 20
1 8
41 18
24 49
20 16
45 22
35 23
4 40
0 12
15 14
6 16
36 28
23 37
16 37
19 13
34 35
36 12
4 32
18 34
7 40
31 43
42 48
1 45
29 36
4 34
46 10
29 10
23 9
27 12
39 33
11 34
17 24
22 23
48 5
47 23
30 49
7 5
2 9
40 14
4 26
28 13
0 35
18 28
37 0
32 17
11 44
6 23
46 14
31 20
17 12
12 11
28 33
18 38
32 48
17 49
17 30
42 27
40 28
47 7
14 30
48 26
6 10
20 4
14 48
31 32
34 29
23 40
27 49
13 0
36 45
8 26
32 9
40 2
34 38
39 20
49 9
25 16
27 4
10 42
6 19
11 5
10 15
20 13
19 18
12 22
46 11
40 39
7 0
9 3
30 25
41 26
40 27
9 31
40 33
19 4
18 32
22 6
32 33
13 8
2 10
44 10
28 44
13 44
39 4
14 45
47 28
22 10
26 42
25 36
11 45
20 47
13 2
42 29
40 32
4 47
11 17
7 23
2 1
17 38
4 46
45 2
39 19
26 23
20 37
27 5
11 21
23 1
18 9
31 4
44 27
30 20
31 5
47 30
37 41
28 20
33 5
17 16
21 45
35 44
9 5
22 3
9 42
35 39
33 16
19 42
3 35
39 25
34 31
0 46
15 13
13 37
44 15
38 47
24 46
10 19
41 25
0 44
39 6
17 40
25 10
34 46
7 28
25 29
7 44
0 17
1 5
2 0
7 26
42 8
10 26
12 48
1 22
6 8
37 31
27 39
36 46
26 27
8 2
24 7
39 12
16 5
14 12
27 48
16 4
39 7
21 12
35 5
23 20
13 17
37 11
23 11
8 35
24 13
36 23
22 20
39 17
11 1
28 4
35 7
5 10
43 8
14 26
19 17
25 9
15 47
17 44
36 0
33 12
43 24
3 5
25 34
17 35
25 14
18 1
36 37
20 32
4 25
39 16
45 41
41 13
5 39
13 42
39 18
23 0
28 37
46 28
36 44
21 47
31 7
21 5
4 6
15 33
30 -1 41 27 46 44 26 29 29 38 45 45 36 28 48 40 35 44 43 42 36 32 46 41 33 
