25 25 1225
34 3
25 31
2 42
8 6
6 1
12 20
20 48
28 26
39 25
15 46
26 23
8 20
5 8
35 13
1 33
3 49
28 14
26 30
12 37
27 14
33 8
8 2
33 49
39 21
34 28
18 3
48 33
0 24
43 34
43 20
47 20
5 25
41 47
30 44
49 45
27 34
9 36
6 13
25 22
32 33
41 43
30 43
15 21
34 47
29 13
45 21
49 41
44 10
23 4
43 7
20 2
23 25
19 39
29 30
43 9
4 18
9 10
5 23
46 7
46 11
16 28
21 18
37 20
42 49
0 16
34 46
28 46
44 40
37 22
45 39
12 44
7 18
15 26
47 26
4 25
23 40
18 47
24 4
8 16
46 13
0 2
15 39
24 12
2 24
19 8
9 16
45 42
47 27
21 31
15 42
1 7
40 24
40 18
13 11
34 29
9 47
9 20
27 21
15 33
39 10
11 39
36 48
22 13
28 43
43 40
39 20
7 38
36 49
35 3
8 10
45 34
17 21
29 4
0 1
45 14
47 3
31 10
5 48
0 14
1 44
5 43
45 16
19 11
0 3
0 42
8 30
10 17
47 28
1 31
12 27
33 7
31 4
28 31
47 12
40 4
7 17
39 16
20 31
48 45
3 10
11 44
32 30
7 34
12 28
14 16
34 9
14 12
18 37
46 20
17 18
34 40
49 18
45 26
39 41
45 8
6 27
5 49
11 40
23 3
24 41
2 41
0 28
48 29
38 16
19 40
35 23
10 28
18 45
23 47
36 46
17 6
32 18
4 28
30 6
19 30
6 28
42 37
41 12
35 48
46 32
49 46
17 11
40 6
25 38
31 30
46 4
2 13
27 13
4 34
16 23
36 7
31 7
17 23
47 10
9 48
16 40
2 45
16 43
5 2
45 28
35 44
12 42
30 15
7 24
1 24
44 9
38 8
23 11
10 25
17 45
34 39
5 38
20 0
19 32
7 11
44 6
33 43
33 44
23 14
43 44
31 38
18 19
21 40
36 21
15 19
24 29
40 31
47 32
36 23
26 46
42 43
27 33
44 39
40 47
40 17
48 28
18 1
12 45
38 2
8 12
23 37
34 37
42 36
32 43
6 49
42 5
18 30
12 23
0 41
40 32
10 14
24 6
36 39
40 8
37 32
26 0
26 5
0 48
6 11
37 2
37 49
23 45
48 4
39 40
17 22
3 17
46 17
37 15
0 5
8 0
33 37
42 17
40 13
11 29
19 28
36 27
42 27
2 11
5 21
35 19
36 44
47 6
31 36
17 20
38 36
22 32
2 48
35 33
28 2
41 27
19 21
45 24
40 7
48 23
35 20
33 30
38 11
17 0
14 19
8 26
3 29
32 3
7 10
27 18
43 46
18 16
24 11
46 41
25 11
32 38
36 5
10 12
32 16
25 33
9 23
7 16
14 39
38 39
38 14
31 29
24 35
22 43
13 1
41 11
19 4
37 45
7 19
22 42
21 49
28 27
32 42
3 21
5 35
46 38
8 27
9 3
49 11
4 33
34 10
10 36
27 7
18 43
20 28
48 16
13 16
49 2
15 1
6 32
41 35
35 17
10 35
17 34
30 2
6 18
17 48
37 5
48 19
20 14
10 29
23 7
9 12
38 48
28 40
5 29
11 32
45 13
20 26
38 9
13 30
6 10
8 41
14 47
43 23
44 28
8 25
34 49
32 49
16 10
21 13
39 28
49 17
31 16
30 12
19 1
4 3
6 3
35 6
45 47
35 36
49 24
41 15
30 9
32 7
48 25
22 5
36 15
27 25
18 48
28 32
8 1
0 22
47 22
13 34
23 29
6 9
21 26
26 36
48 15
1 11
11 18
40 49
40 3
8 15
39 35
39 12
30 34
44 20
27 20
29 39
20 13
35 14
45 25
29 28
26 38
5 18
41 40
22 12
16 34
25 26
21 6
37 16
45 6
7 20
35 8
38 22
31 45
33 47
20 18
32 9
46 10
26 32
14 40
39 30
31 9
15 40
42 14
4 0
10 13
48 11
45 36
6 46
28 22
22 34
48 6
35 37
39 1
44 15
5 47
29 16
35 43
43 12
4 13
0 49
37 19
9 15
17 31
10 30
21 47
30 24
1 14
2 19
26 27
38 30
33 19
32 39
16 33
48 46
28 49
19 29
37 11
4 16
1 45
0 39
45 4
11 45
41 13
19 26
43 10
18 10
41 5
2 27
32 2
2 4
43 14
41 48
12 3
18 0
21 38
4 12
29 21
19 20
42 3
10 19
1 3
30 42
31 37
30 22
1 10
44 26
41 6
36 41
29 14
24 26
17 2
49 27
21 35
18 15
14 18
45 15
19 27
11 43
33 14
17 12
42 41
22 9
45 20
41 3
29 33
29 2
17 26
48 7
15 35
0 21
40 30
32 4
16 2
25 13
42 31
34 26
26 33
17 36
24 39
48 14
21 25
45 19
32 27
22 45
6 7
29 44
40 48
22 3
6 38
44 3
49 8
23 6
23 33
42 4
3 38
39 6
21 7
3 8
12 21
6 37
29 18
38 4
1 43
32 41
41 19
26 42
13 17
24 32
27 38
33 12
36 11
18 25
20 15
25 41
9 27
46 39
44 17
29 27
23 8
8 13
20 30
36 34
33 3
23 44
11 47
35 42
3 15
44 46
5 4
28 35
19 44
38 47
25 15
33 10
31 13
23 32
10 23
7 35
43 48
5 10
35 2
2 6
14 36
39 4
1 32
10 0
20 4
41 30
9 1
34 31
36 4
8 37
8 4
4 44
35 40
23 46
3 13
43 13
9 2
2 36
17 30
27 45
22 24
18 12
34 12
24 33
46 5
31 47
2 33
2 39
13 48
28 23
26 1
44 34
23 39
20 3
19 23
30 5
12 6
36 13
9 46
40 42
49 31
29 22
12 32
23 30
27 11
15 13
43 17
3 16
14 17
7 39
40 38
42 47
11 30
9 18
45 32
16 15
48 26
49 10
42 9
7 45
24 27
5 15
14 32
17 8
15 23
13 37
43 37
5 27
39 8
17 24
37 0
5 19
19 16
21 14
25 19
19 17
43 2
9 11
20 41
18 28
3 2
32 20
28 8
15 0
42 21
40 20
46 2
39 33
29 36
49 44
44 14
42 46
25 36
49 14
42 6
3 30
4 26
2 31
3 45
26 7
31 6
44 31
45 29
31 22
1 30
12 1
10 37
18 22
7 2
49 13
46 14
9 24
20 29
43 15
40 10
18 8
45 35
11 22
12 38
32 34
48 3
4 27
31 46
35 27
21 11
26 2
48 39
33 45
26 40
21 28
1 29
29 17
22 16
0 27
13 38
44 41
29 40
33 11
24 8
40 12
40 2
21 34
43 38
42 29
5 28
22 41
48 37
42 24
26 35
5 17
22 6
29 8
11 12
28 3
2 44
22 49
7 3
44 18
35 4
31 24
7 28
44 45
29 9
27 39
42 23
22 48
9 49
46 12
40 46
1 42
16 12
6 16
49 12
46 37
24 20
24 25
8 22
15 17
27 16
35 46
32 25
24 21
25 1
28 1
18 35
11 20
31 12
30 48
1 49
36 16
25 34
13 26
23 27
0 13
1 34
9 35
21 43
38 1
20 23
37 47
10 22
4 21
5 13
18 2
38 37
26 22
10 38
26 14
18 41
49 29
18 31
40 27
5 39
31 32
38 15
3 11
24 38
42 20
28 17
18 34
48 21
45 30
47 16
22 33
49 48
7 25
29 37
12 13
35 30
36 8
36 32
22 23
21 46
41 29
14 31
8 21
41 31
46 8
31 27
25 40
44 42
42 38
14 24
30 47
38 19
48 42
39 31
5 45
37 44
10 2
29 26
36 20
24 44
16 42
26 3
16 44
37 21
17 39
45 46
31 23
39 9
44 27
34 14
7 30
24 18
7 37
47 49
6 34
39 47
39 22
34 2
0 6
13 28
41 28
2 25
15 31
23 13
48 8
8 43
32 29
39 42
1 5
0 23
0 47
30 27
15 27
18 46
0 46
39 37
49 20
10 11
35 11
14 11
49 26
26 18
1 27
32 13
11 31
15 11
20 25
46 16
18 39
36 30
10 4
13 24
23 2
0 40
24 5
1 16
49 38
0 43
41 7
1 22
17 47
17 16
42 10
22 40
38 0
19 24
12 15
1 46
30 0
40 9
6 36
37 27
43 45
14 25
24 10
9 28
32 0
35 25
21 32
1 21
25 16
43 47
14 4
5 7
1 2
9 17
26 31
46 33
33 9
49 43
14 3
44 22
22 4
6 29
47 44
0 35
22 14
10 20
7 4
3 24
19 49
28 42
47 46
38 20
20 5
29 38
42 33
32 5
1 37
25 12
46 25
33 0
1 23
41 26
43 27
38 17
19 31
16 24
13 14
40 45
3 5
38 35
14 30
34 19
28 24
23 38
18 13
5 11
43 39
26 6
6 5
29 25
9 14
41 45
4 11
33 20
33 31
49 16
15 49
47 2
25 49
32 10
29 15
14 5
36 43
48 27
3 27
16 21
32 44
47 19
4 37
34 0
20 16
49 23
36 3
14 6
6 19
1 36
47 8
21 30
25 9
28 33
13 44
1 41
6 15
44 0
38 28
9 41
41 4
34 8
47 13
44 21
30 4
15 14
13 9
5 12
22 21
43 29
25 3
20 1
36 19
12 0
36 0
4 6
2 14
42 7
47 1
35 29
26 9
44 8
7 0
5 31
8 31
46 19
38 45
0 11
7 22
38 41
28 11
35 49
18 42
36 37
44 38
36 33
36 47
33 18
44 7
8 32
19 22
30 16
36 24
19 13
12 48
37 14
34 48
25 0
10 26
5 33
15 4
37 25
43 31
4 1
23 18
16 26
37 41
32 17
9 0
10 45
42 19
36 18
46 3
28 36
24 23
34 38
20 21
9 45
21 2
3 19
33 38
15 7
47 48
21 41
9 19
24 43
21 10
45 0
33 6
41 17
37 28
17 25
4 47
36 12
11 26
42 25
30 37
31 0
30 28
29 46
24 47
36 22
10 15
11 42
34 35
47 29
31 3
41 33
12 7
17 37
11 34
20 6
19 43
31 48
1 40
24 37
8 9
35 47
15 34
30 46
43 25
6 25
33 21
3 39
1 35
26 43
15 47
12 35
29 0
1 48
49 4
24 34
14 8
3 37
16 5
11 16
5 44
23 41
49 39
19 12
7 47
15 22
15 2
13 42
21 9
15 32
16 41
34 33
17 4
39 26
37 9
25 47
34 42
19 0
7 14
12 29
7 13
40 36
9 7
43 6
12 2
27 46
46 22
49 7
17 27
10 27
22 27
29 7
35 16
35 31
33 40
23 21
24 15
2 22
15 28
18 38
9 4
14 41
1 17
41 10
24 48
37 40
3 43
22 20
24 46
17 33
34 23
44 48
5 34
34 41
25 28
44 25
20 34
49 30
13 33
26 37
13 39
9 5
22 35
43 4
8 7
26 12
42 8
35 32
40 5
11 8
30 25
48 32
48 10
26 -1 27 40 44 -1 -1 37 27 39 39 30 41 48 32 31 41 48 36 -1 28 40 41 35 47 
